60173511701
60174063299
60171297411
60175667173
60175456146
60172921490
60177368778
60174851953
60172386026
60179380683
60170151521
60173166408
60178527143
60173129243
60175492896
60174617167
60177643389
60172045409
60171979828
60179521459
60178637002
60171525676
60171536653
60171507970
60173682537
60170209393
60177627535
60174610505
60177092984
60170997425
60175710911
60172029115
60173339505
60176649819
60177789733
60176443587
60174574534
60170402796
60173130163
60172112143
60174547027
60179498375
60177669840
60175028814
60176737432
60172940769
60179645311
60174666857
60170582322
60176175856
60171642579
60178546380
60170412122
60174946582
60179219727
60177071248
60175957558
60178236068
60178952476
60170379362
60174476881
60176235742
60178779085
60174122847
60177509610
60172353141
60175919618
60179357074
60170876435
60174850607
60170702431
60172823172
60175229576
60175912527
60172948393
60170453439
60175368055
60171270624
60170556951
60174094094
60170211700
60179485515
60176892543
60175521244
60177058298
60171107773
60176570356
60176755987
60171041552
60172569979
60171884130
60170562557
60176435698
60177221344
60176817766
60174439757
60176330889
60174672380
60171887937
60177596671
60170169428
60175610545
60173202800
60172692922
60171172319
60178460905
60179198707
60171200456
60177225638
60171187978
60176963504
60175817263
60179704512
60179326593
60170959903
60178793223
60174812236
60170218221
60179532040
60177908581
60173250143
60172105328
60170573310
60173115861
60177342082
60176855077
60171694760
60175856604
60175352257
60170034097
60170438528
60175355309
60179522075
60178213008
60172829491
60171311384
60179125914
60173717288
60174112204
60171317410
60178760724
60173960359
60172907307
60176968320
60172356789
60176423951
60179054662
60175938909
60178321765
60176070136
60178154071
60170647706
60178421898
60174566143
60174649756
60178203519
60177913253
60174655859
60170278781
60173728975
60171073005
60171184967
60171766202
60172952121
60179996640
60177291147
60170110400
60172423753
60175293436
60173830992
60175553766
60179986487
60174050801
60177004242
60178856418
60175101213
60174844011
60173889628
60175823067
60178589403
60175225248
60173485854
60172690856
60170564970
60177712866
60176833410
60172488425
60171527303
60175501133
60177745172
60172079968
60175307721
60179986961
60175844159
60174966999
60176350898
60172603746
60175738400
60173176795
60179492966
60173421761
60172873185
60175313697
60178085535
60172775986
60177061455
60174963167
60170074202
60170374041
60171525087
60172507141
60173474399
60179606661
60170857703
60176491858
60178752541
60174097140
60174054915
60178089277
60170732271
60170800841
60179994451
60177731701
60173271113
60170381885
60172804988
60175577573
60175712448
60175903774
60172931373
60174645297
60170665464
60172123380
60171517676
60175471829
60174086953
60175749483
60177378453
60174662433
60170903360
60179962230
60173479472
60175888067
60178677248
60170175759
60172463515
60173644682
60174767292
60178102528
60177398720
60170165736
60175801416
60174645058
60174205695
60173131472
60173489966
60178625924
60175964872
60171082089
60170194783
60172597281
60175411575
60174225814
60171938403
60177649889
60172919174
60171266079
60173380181
60170545843
60174437028
60176940399
60176650867
60174773501
60172516169
60175831145
60179892200
60178442117
60178159035
60176994516
60172841826
60170451663
60173669575
60179919670
60171049614
60172367393
60172510626
60176148502
60171051264
60172865982
60174022918
60177541135
60179624665
60177635851
60174436006
60175889047
60171913657
60177757995
60178208238
60173412694
60177926644
60178058369
60171609657
60173807913
60174004942
60175727954
60172208643
60172510056
60170439232
60176977689
60172996005
60176132535
60179126998
60178855301
60175897713
60176418808
60179221428
60173213911
60170896569
60177691829
60177895444
60172973017
60174999245
60174756120
60179043614
60171413619
60179084982
60172702646
60170259496
60179960726
60172336764
60171080632
60173356258
60172465830
60175345869
60179640144
60179988154
60174738533
60171492896
60171235589
60178795433
60179351132
60179255323
60176933383
60175526471
60179085890
60177727284
60179384607
60171566301
60175715393
60179015652
60170912783
60171473164
60178483272
60174264858
60171168820
60176833085
60174571334
60175536659
60172764756
60172233306
60179170978
60172926684
60173217973
60179301594
60174079671
60171782146
60175495391
60170670681
60173688637
60176199546
60172165468
60171239018
60174336603
60172873423
60170515752
60173795856
60179489476
60172302964
60178064547
60176910569
60179311272
60174418713
60176822875
60178328998
60175744065
60170608500
60170682104
60179985355
60170718096
60176854784
60175946949
60171476269
60172121969
60178815497
60170401453
60177946232
60173653068
60177285381
60170335246
60175183280
60175610240
60171715430
60170192377
60177288535
60171640697
60175209436
60170604558
60177045042
60175589164
60176622513
60170637772
60174957522
60172911139
60178204179
60173778430
60174200272
60176155733
60178210618
60175757690
60174730695
60175228130
60178481043
60170879529
60179922691
60170117805
60174790984
60175379712
60176228129
60177218194
60170663385
60170486888
60176414257
60170647895
60176824556
60170191944
60172760006
60176417473
60176403609
60171893574
60179562701
60177266331
60174568659
60171068689
60171071934
60172451241
60175714852
60171002076
60178501134
60170533434
60179941651
60176781260
60177707110
60172176083
60175672546
60171187348
60174698808
60173373830
60178115620
60178002272
60173233552
60170656928
60179040856
60177830168
60171067268
60175705130
60173864197
60171562443
60178695277
60178431145
60178042166
60179497680
60170020674
60172307622
60172684535
60170491504
60175558856
60173101019
60178717156
60172190960
60175254897
60177890428
60175147384
60174004197
60172333257
60171467830
60176477191
60171972734
60170296476
60175467730
60172102175
60172393249
60174263081
60176279425
60174370948
60173803553
60175178310
60174381792
60175802475
60179417884
60177583195