2290194000305
2290194001164
2290194003881
2290194005491
2290194005749
2290194007381
2290194007503
2290194011482
2290194011878
2290194012482
2290194015535
2290194016841
2290194017148
2290194017845
2290194017947
2290194019270
2290194019822
2290194020761
2290194020977
2290194022129
2290194023310
2290194023560
2290194024049
2290194024478
2290194024524
2290194025211
2290194025975
2290194026555
2290194029745
2290194030308
2290194032100
2290194032640
2290194032790
2290194033548
2290194033814
2290194038888
2290194039682
2290194040006
2290194040495
2290194041352
2290194042343
2290194042691
2290194043681
2290194043878
2290194044311
2290194044717
2290194045002
2290194046395
2290194046423
2290194047611
2290194047771
2290194052717
2290194054915
2290194055765
2290194055871
2290194057222
2290194057614
2290194058457
2290194061732
2290194061921
2290194065449
2290194065544
2290194065806
2290194066229
2290194066765
2290194067129
2290194068034
2290194068345
2290194069366
2290194072248
2290194073646
2290194074011
2290194074126
2290194075390
2290194076080
2290194077644
2290194077749
2290194077875
2290194080059
2290194080811
2290194081883
2290194082196
2290194083725
2290194084474
2290194085093
2290194085832
2290194086370
2290194089240
2290194089851
2290194091820
2290194092306
2290194093051
2290194093208
2290194095083
2290194096581
2290194097302
2290194099438
2290194099930
2290194100917
2290194101442
2290194102487
2290194102812
2290194103193
2290194104075
2290194105120
2290194105378
2290194106198
2290194106786
2290194107388
2290194108471
2290194108806
2290194109428
2290194109647
2290194111101
2290194111422
2290194112542
2290194112755
2290194114148
2290194117289
2290194117812
2290194118072
2290194120859
2290194121175
2290194121503
2290194122313
2290194127261
2290194127775
2290194128042
2290194131669
2290194137741
2290194137941
2290194138936
2290194139888
2290194140038
2290194140528
2290194143653
2290194143828
2290194145785
2290194147122
2290194148802
2290194149235
2290194149485
2290194149598
2290194149731
2290194153673
2290194153770
2290194153864
2290194154917
2290194155290
2290194156237
2290194157030
2290194158508
2290194158639
2290194160314
2290194160976
2290194162845
2290194163841
2290194164313
2290194165522
2290194166528
2290194166617
2290194167502
2290194171397
2290194171762
2290194172827
2290194173322
2290194174869
2290194176121
2290194177300
2290194177554
2290194177974
2290194180179
2290194180300
2290194182857
2290194183607
2290194185060
2290194186242
2290194187680
2290194189633
2290194190130
2290194191441
2290194191944
2290194193070
2290194194035
2290194194451
2290194195461
2290194196040
2290194196428
2290194196483
2290194196747
2290194197514
2290194197747
2290194197815
2290194198000
2290194198252
2290194199510
2290194199809
2290194200467
2290194201084
2290194201259
2290194201574
2290194203752
2290194204310
2290194204441
2290194204971
2290194205422
2290194206723
2290194206998
2290194208822
2290194208997
2290194210143
2290194211004
2290194211061
2290194212514
2290194214475
2290194215444
2290194215752
2290194215793
2290194216107
2290194217066
2290194217723
2290194218031
2290194220283
2290194221324
2290194222779
2290194223228
2290194223691
2290194223902
2290194224858
2290194224955
2290194226142
2290194226258
2290194227332
2290194227964
2290194228940
2290194231697
2290194231833
2290194232248
2290194232352
2290194232408
2290194232430
2290194233308
2290194234752
2290194234891
2290194236657
2290194236676
2290194237928
2290194238355
2290194239760
2290194241192
2290194241217
2290194241355
2290194244187
2290194244434
2290194245673
2290194246185
2290194246357
2290194246469
2290194246691
2290194249087
2290194249789
2290194249942
2290194250848
2290194251606
2290194253429
2290194254265
2290194256600
2290194257018
2290194258674
2290194258707
2290194263165
2290194263307
2290194263924
2290194265018
2290194266090
2290194268196
2290194271061
2290194271201
2290194273903
2290194274270
2290194276627
2290194276750
2290194279520
2290194279900
2290194281433
2290194281478
2290194281655
2290194281739
2290194281995
2290194282129
2290194283548
2290194283775
2290194284756
2290194285485
2290194290948
2290194291664
2290194291721
2290194293229
2290194294782
2290194295647
2290194297333
2290194298631
2290194299150
2290194299821
2290194300673
2290194301192
2290194303893
2290194304384
2290194304577
2290194306517
2290194307318
2290194308117
2290194308268
2290194311475
2290194311974
2290194312707
2290194313997
2290194315771
2290194321023
2290194321613
2290194321646
2290194322832
2290194323381
2290194323660
2290194324333
2290194325642
2290194327425
2290194329399
2290194329628
2290194331480
2290194335019
2290194335200
2290194337110
2290194338127
2290194339654
2290194340495
2290194341912
2290194341989
2290194342750
2290194343223
2290194343702
2290194344125
2290194345098
2290194345301
2290194345541
2290194346494
2290194346872
2290194350143
2290194352556
2290194352700
2290194352895
2290194353150
2290194353685
2290194355915
2290194357796
2290194357940
2290194358248
2290194359124
2290194359742
2290194360477
2290194360898
2290194361312
2290194361755
2290194362279
2290194363911
2290194364531
2290194364678
2290194367916
2290194368823
2290194369999
2290194371852
2290194373496
2290194373624
2290194373979
2290194375019
2290194375580
2290194375887
2290194376306
2290194376866
2290194376891
2290194378710
2290194380892
2290194381517
2290194382737
2290194383800
2290194384987
2290194386006
2290194386391
2290194387293
2290194388457
2290194389351
2290194390161
2290194392577
2290194392659
2290194394368
2290194396065
2290194397674
2290194398073
2290194399774
2290194400645
2290194401016
2290194401667
2290194402737
2290194403333
2290194403350
2290194403952
2290194404148
2290194404853
2290194406595
2290194407218
2290194409011
2290194410070
2290194410793
2290194411063
2290194412333
2290194413492
2290194413909
2290194414710
2290194415148
2290194417133
2290194417441
2290194419874
2290194420942
2290194423873
2290194424125
2290194425614
2290194426629
2290194427759
2290194427953
2290194428104
2290194428753
2290194429193
2290194430586
2290194431190
2290194433061
2290194433228
2290194434306
2290194434402
2290194436312
2290194438170
2290194440536
2290194443247
2290194444429
2290194444897
2290194445066
2290194445186
2290194447481
2290194447656
2290194448567
2290194450271
2290194451031
2290194451491
2290194451508
2290194451588
2290194451595
2290194451765
2290194451905
2290194452058
2290194452691
2290194453003
2290194455230
2290194455445
2290194458863
2290194459182
2290194461320
2290194461399
2290194461456
2290194464930
2290194465277
2290194465387
2290194467066
2290194467268
2290194467990
2290194469461
2290194469702
2290194470058
2290194470982
2290194471884
2290194473689
2290194474921
2290194475008
2290194475565
2290194476173
2290194477364
2290194477776
2290194478668
2290194481057
2290194481288
2290194481324
2290194482083
2290194482694
2290194483928
2290194483932
2290194484777
2290194484938
2290194485169
2290194487075
2290194488363
2290194488841
2290194489169
2290194489220
2290194491967
2290194493506
2290194493956
2290194495248
2290194498118
2290194498132
2290194500487
2290194500530
2290194503595
2290194503597
2290194503993
2290194504854
2290194504947
2290194506107
2290194506629
2290194506880
2290194507077
2290194508560
2290194508729
2290194509359
2290194511420
2290194511884
2290194512405
2290194513011
2290194513196
2290194514819
2290194515248
2290194515525
2290194515577
2290194516934
2290194519823
2290194522040
2290194522582
2290194523199
2290194523229
2290194523393
2290194525656
2290194527675
2290194528443
2290194528503
2290194530684
2290194531686
2290194532861
2290194533024
2290194533126
2290194534345
2290194535457
2290194536550
2290194536695
2290194537281
2290194537349
2290194537604
2290194539960
2290194541439
2290194541450
2290194541604
2290194543404
2290194543545
2290194543646
2290194544163
2290194544183
2290194546178
2290194550296
2290194550521
2290194550728
2290194551648
2290194552115
2290194552263
2290194552463
2290194553660
2290194553669
2290194554150
2290194554464
2290194554717
2290194555351
2290194556254
2290194556589
2290194559459
2290194559838
2290194560259
2290194560719
2290194560980
2290194562106
2290194563042
2290194563322
2290194563383
2290194566799
2290194566845
2290194567774
2290194567780
2290194569203
2290194569644
2290194569751
2290194570095
2290194570460
2290194573824
2290194574260
2290194574486
2290194574724
2290194575286
2290194575704
2290194578814
2290194579547
2290194580349
2290194580911
2290194581273
2290194582418
2290194582545
2290194583371
2290194584584
2290194586221
2290194588167
2290194588684
2290194589022
2290194589198
2290194589732
2290194590853
2290194591168
2290194591744
2290194592338
2290194592455
2290194594357
2290194595086
2290194595666
2290194596252
2290194596515
2290194597946
2290194597953
2290194598159
2290194598763
2290194599110
2290194600969
2290194601351
2290194604150
2290194604227
2290194605472
2290194605553
2290194606960
2290194608452
2290194608852
2290194610055
2290194611958
2290194612494
2290194618689
2290194619812
2290194619888
2290194620158
2290194621833
2290194621944
2290194624339
2290194625001
2290194625482
2290194625519
2290194625903
2290194626893
2290194627149
2290194627292
2290194627877
2290194628751
2290194628888
2290194630652
2290194630779
2290194633461
2290194634114
2290194634655
2290194636415
2290194637281
2290194638952
2290194638986
2290194639500
2290194640291
2290194640786
2290194641857
2290194643248
2290194644643
2290194647043
2290194647466
2290194648711
2290194649049
2290194650528
2290194650895
2290194651526
2290194655290
2290194655819
2290194656689
2290194658400
2290194658589
2290194658795
2290194659026
2290194659894
2290194660297
2290194661594
2290194665057
2290194665984
2290194667168
2290194667737
2290194667746
2290194668059
2290194668308
2290194671553
2290194672000
2290194672424
2290194673525
2290194674963
2290194675343
2290194676367
2290194678319
2290194678614
2290194680199
2290194680543
2290194680665
2290194681027
2290194681521
2290194682380
2290194684011
2290194685139
2290194687720
2290194687740
2290194688177
2290194689675
2290194691510
2290194693494
2290194693897
2290194694034
2290194694055
2290194694731
2290194699130
2290194700701
2290194701617
2290194702735
2290194703550
2290194705120
2290194705146
2290194705168
2290194705359
2290194705488
2290194705721
2290194707785
2290194708390
2290194710148
2290194710616
2290194710906
2290194710933
2290194711203
2290194711458
2290194712726
2290194713256
2290194714202
2290194714785
2290194717034
2290194717847
2290194718237
2290194722496
2290194724645
2290194725871
2290194728282
2290194729908
2290194733798
2290194735090
2290194738308
2290194740118
2290194741716
2290194742623
2290194743265
2290194744327
2290194746311
2290194748921
2290194749036
2290194749440
2290194749788
2290194751955
2290194752752
2290194753657
2290194753950
2290194756546
2290194761642
2290194763048
2290194763109
2290194763293
2290194763478
2290194764564
2290194765977
2290194767764
2290194769461
2290194770308
2290194770570
2290194772740
2290194773583
2290194775034
2290194777894
2290194778974
2290194780806
2290194781405
2290194782908
2290194783003
2290194783039
2290194783217
2290194785908
2290194786199
2290194786250
2290194786600
2290194787297
2290194787448
2290194787773
2290194787881
2290194787978
2290194788143
2290194788634
2290194789440
2290194790574
2290194791555
2290194795606
2290194798691
2290194799416
2290194800091
2290194801315
2290194803662
2290194803943
2290194806240
2290194806392
2290194810026
2290194812053
2290194814269
2290194815516
2290194819543
2290194819689
2290194820670
2290194823641
2290194823699
2290194824183
2290194824970
2290194825242
2290194826039
2290194827290
2290194829809
2290194830420
2290194831550
2290194832843
2290194833415
2290194834178
2290194834650
2290194836268
2290194838486
2290194841340
2290194841894
2290194841924
2290194842580
2290194842639
2290194844668
2290194847452
2290194847957
2290194849904
2290194851847
2290194853176
2290194853926
2290194855023
2290194855561
2290194855585
2290194855697
2290194856586
2290194859041
2290194860098
2290194860127
2290194862805
2290194864488
2290194865013
2290194867666
2290194869405
2290194870697
2290194871278
2290194871368
2290194872407
2290194873047
2290194874505
2290194876419
2290194877114
2290194880109
2290194880298
2290194883587
2290194884129
2290194884958
2290194885524
2290194886795
2290194887263
2290194887934
2290194888658
2290194888749
2290194890333
2290194891439
2290194891507
2290194892898
2290194894712
2290194898617
2290194899929
2290194901577
2290194901651
2290194901814
2290194902902
2290194903502
2290194904712
2290194906111
2290194906263
2290194907855
2290194908706
2290194909937
2290194910887
2290194913002
2290194915642
2290194916008
2290194919246
2290194919679
2290194919959
2290194920205
2290194921111
2290194921718
2290194921961
2290194922066
2290194922242
2290194922767
2290194923047
2290194923214
2290194924140
2290194924261
2290194929188
2290194929983
2290194931966
2290194934197
2290194934796
2290194937774
2290194938027
2290194939189
2290194940009
2290194941636
2290194942409
2290194942469
2290194942764
2290194943590
2290194943981
2290194944319
2290194947507
2290194948461
2290194950404
2290194951878
2290194952964
2290194953042
2290194953686
2290194953825
2290194954895
2290194955974
2290194956472
2290194959049
2290194960098
2290194960129
2290194960716
2290194960827
2290194961638
2290194961861
2290194963126
2290194967463
2290194968317
2290194970231
2290194971109
2290194971567
2290194971619
2290194971873
2290194972351
2290194972506
2290194972587
2290194974192
2290194974530
2290194974747
2290194975393
2290194975611
2290194976564
2290194976758
2290194977355
2290194977459
2290194977716
2290194977910
2290194978201
2290194980232
2290194981107
2290194981561
2290194983167
2290194984409
2290194986792
2290194987441
2290194989267
2290194989719
2290194990656
2290194990722
2290194990972
2290194992062
2290194993278
2290194996358
2290194996723
2290194996815
2290194997987
2290194999277
2290199000101
2290199000835
2290199003328
2290199003848
2290199004618
2290199005123
2290199006437
2290199006765
2290199009801
2290199010303
2290199010827
2290199011311
2290199011977
2290199012459
2290199013947
2290199014199
2290199017785
2290199018303
2290199018447
2290199020066
2290199020623
2290199020773
2290199021071
2290199021513
2290199021590
2290199022065
2290199024802
2290199027063
2290199029482
2290199029909
2290199030002
2290199030045
2290199030104
2290199031286
2290199032227
2290199032963
2290199033001
2290199033251
2290199034601
2290199035974
2290199038169
2290199038368
2290199040196
2290199040580
2290199041187
2290199041205
2290199042102
2290199042190
2290199042610
2290199042992
2290199044034
2290199044035
2290199046260
2290199047829
2290199048541
2290199048654
2290199049026
2290199049747
2290199049927
2290199050597
2290199051371
2290199052150
2290199053241
2290199053498
2290199055539
2290199055830
2290199056323
2290199060623
2290199060977
2290199061144
2290199061351
2290199062199
2290199062238
2290199062358
2290199065056
2290199065143
2290199066824
2290199067781
2290199068958
2290199070917
2290199073380
2290199074834
2290199081477
2290199082093
2290199084816
2290199086163
2290199086378
2290199087386
2290199089036
2290199089492
2290199091484
2290199092169
2290199093912
2290199094852
2290199095643
2290199098280
2290199098454
2290199098914
2290199100385
2290199100664
2290199103773
2290199105037
2290199106009
2290199106450
2290199106636
2290199109767
2290199111658
2290199112131
2290199113136
2290199113179
2290199113658
2290199115588
2290199115717
2290199116087
2290199116444
2290199118968
2290199119472
2290199120258
2290199120296
2290199125084
2290199127594
2290199131366
2290199131602
2290199131674
2290199131893
2290199132838
2290199134863
2290199136291
2290199140882
2290199140911
2290199143517
2290199145200
2290199146364
2290199148052
2290199150104
2290199150949
2290199151195
2290199151334
2290199152129
2290199152328
2290199152998
2290199153174
2290199155043
2290199156965
2290199158770
2290199159226
2290199159384
2290199161998
2290199165796
2290199166064
2290199168162
2290199170170
2290199170598
2290199171317
2290199171657
2290199172367
2290199172810
2290199174174
2290199175884
2290199176397
2290199176551
2290199176970
2290199177608
2290199177955
2290199177980
2290199177987
2290199178103
2290199180475
2290199181859
2290199184038
2290199184316
2290199186084
2290199187286
2290199189340
2290199189434
2290199189506
2290199189657
2290199191394
2290199192708
2290199192709
2290199193394
2290199193552
2290199193597
2290199193662
2290199195379
2290199197469
2290199197477
2290199198638
2290199198652
2290199199831
2290199203531
2290199203723
2290199204095
2290199205561
2290199205859
2290199206142
2290199207814
2290199208546
2290199209502
2290199210579
2290199211133
2290199211429
2290199212767
2290199213852
2290199214592
2290199215470
2290199215568
2290199217224
2290199217995
2290199218285
2290199218672
2290199221374
2290199222414
2290199223303
2290199223460
2290199225602
2290199226193
2290199226268
2290199229487
2290199229848
2290199230544
2290199231547
2290199232150
2290199233824
2290199234695
2290199237114
2290199238722
2290199240980
2290199241836
2290199246155
2290199246626
2290199246827
2290199246981
2290199247014
2290199247555
2290199247999
2290199248028
2290199250146
2290199250984
2290199251547
2290199252971
2290199254079
2290199255591
2290199255832
2290199255964
2290199256076
2290199256623
2290199256691
2290199256766
2290199256891
2290199257079
2290199258644
2290199259005
2290199260720
2290199262005
2290199262144
2290199263168
2290199263297
2290199263996
2290199265823
2290199265917
2290199267487
2290199267877
2290199268102
2290199269388
2290199269593
2290199270292
2290199270557
2290199270859
2290199273347
2290199273728
2290199274284
2290199275713
2290199279465
2290199280765
2290199282292
2290199283586
2290199284414
2290199284804
2290199286571
2290199286662
2290199287339
2290199288001
2290199290482
2290199290548
2290199292091
2290199294665
2290199295553
2290199296130
2290199298945
2290199299720
2290199299809
2290199299834
2290199301635
2290199304686
2290199304828
2290199304889
2290199305034
2290199306342
2290199306517
2290199307945
2290199310535
2290199311993
2290199312054
2290199312103
2290199312257
2290199312868
2290199313332
2290199316501
2290199317433
2290199319847
2290199320283
2290199321121
2290199321924
2290199325042
2290199325383
2290199325523
2290199326564
2290199327951
2290199328794
2290199330993
2290199332094
2290199332320
2290199332495
2290199333754
2290199333873
2290199334386
2290199335718
2290199337091
2290199337308
2290199338350
2290199338593
2290199342840
2290199344126
2290199344931
2290199347052
2290199347466
2290199349119
2290199349499
2290199349585
2290199350827
2290199351755
2290199352470
2290199352761
2290199353539
2290199354340
2290199355113
2290199357833
2290199359467
2290199360289
2290199360676
2290199361290
2290199365680
2290199365694
2290199367781
2290199369667
2290199370725
2290199375137
2290199378439
2290199378698
2290199381263
2290199382255
2290199382348
2290199384193
2290199384677
2290199386756
2290199387407
2290199388897
2290199390210
2290199390367
2290199390835
2290199391789
2290199395544
2290199396255
2290199397606
2290199399505
2290199400501
2290199400703
2290199401030
2290199403217
2290199404003
2290199404092
2290199404277
2290199406702
2290199406949
2290199407464
2290199408471
2290199408491
2290199409883
2290199411049
2290199411055
2290199412009
2290199412070
2290199412697
2290199413834
2290199420647
2290199422776
2290199422817
2290199422834
2290199423187
2290199424041
2290199424100
2290199424384
2290199425703
2290199426827
2290199427031
2290199427214
2290199428147
2290199428278
2290199428284
2290199428335
2290199428719
2290199429552
2290199430393
2290199430851
2290199430917
2290199432130
2290199433581
2290199433604
2290199436382
2290199436893
2290199437521
2290199438917
2290199439368
2290199441128
2290199442560
2290199443767
2290199444137
2290199446629
2290199448263
2290199451290
2290199452881
2290199455379
2290199456101
2290199459895
2290199461187
2290199462080
2290199462344
2290199462941
2290199463863
2290199464094
2290199464475
2290199465671
2290199467345
2290199470525
2290199472997
2290199473398
2290199475165
2290199475542
2290199475794
2290199478288
2290199479361
2290199481684
2290199482331
2290199482766
2290199483194
2290199483261
2290199484279
2290199484942
2290199485509
2290199486172
2290199486560
2290199487454
2290199489907
2290199490482
2290199491248
2290199492403
2290199493962
2290199495145
2290199495237
2290199496760
2290199497378
2290199498078
2290199499029
2290199499451
2290199499653
2290199499955
2290199501128
2290199504113
2290199504166
2290199506853
2290199507517
2290199508074
2290199508936
2290199509470
2290199511938
2290199511976
2290199512535
2290199512967
2290199513219
2290199515195
2290199516237
2290199517108
2290199518087
2290199518128
2290199518875
2290199520295
2290199521929
2290199522726
2290199523043
2290199524980
2290199525151
2290199527668
2290199527822
2290199528172
2290199530053
2290199530368
2290199531091
2290199533015
2290199534073
2290199534884
2290199535484
2290199537741
2290199537848
2290199537864
2290199538458
2290199540366
2290199541709
2290199542571
2290199544972
2290199546707
2290199547701
2290199549302
2290199549797
2290199551043
2290199551690
2290199552847
2290199553175
2290199553720
2290199556546
2290199557464
2290199558124
2290199558996
2290199559878
2290199559954
2290199560207
2290199563549
2290199564326
2290199564330
2290199564535
2290199567051
2290199567268
2290199568111
2290199569064
2290199570456
2290199572119
2290199573283
2290199573805
2290199574314
2290199574966
2290199575058
2290199575316
2290199577355
2290199578505
2290199578920
2290199579752
2290199580880
2290199581123
2290199581239
2290199581249
2290199581280
2290199583616
2290199585385
2290199586104
2290199587537
2290199587671
2290199589005
2290199589440
2290199590748
2290199593407
2290199595019
2290199596036
2290199596216
2290199597003
2290199597528
2290199600048
2290199600294
2290199601025
2290199601195
2290199601876
2290199602013
2290199602039
2290199604102
2290199606029
2290199606078
2290199606993
2290199607650
2290199608364
2290199611740
2290199612485
2290199614192
2290199614744
2290199615327
2290199615468
2290199616232
2290199616621
2290199617081
2290199619308
2290199620786
2290199621447
2290199621992
2290199622260
2290199623427
2290199623649
2290199625136
2290199625329
2290199625627
2290199627401
2290199629472
2290199629550
2290199631075
2290199631092
2290199632284
2290199633244
2290199633426
2290199633440
2290199633920
2290199634370
2290199634686
2290199635886
2290199637476
2290199637698
2290199638137
2290199642613
2290199644560
2290199645749
2290199646809
2290199646819
2290199649515
2290199649722
2290199650441
2290199651048
2290199651611
2290199653888
2290199654302
2290199654381
2290199654510
2290199654522
2290199657074
2290199657559
2290199658115
2290199658874
2290199660296
2290199660354
2290199660663
2290199661635
2290199661939
2290199667754
2290199668650
2290199668735
2290199668813
2290199668821
2290199669632
2290199670349
2290199671962
2290199672046
2290199673263
2290199674157
2290199674450
2290199674554
2290199674992
2290199676105
2290199677531
2290199678392
2290199682098
2290199682804
2290199683592
2290199683938
2290199687771
2290199693782
2290199693796
2290199694108
2290199694162
2290199694321
2290199695147
2290199695735
2290199695965
2290199696338
2290199697231
2290199697486
2290199697664
2290199698708
2290199699922
2290199702552
2290199703238
2290199703379
2290199704687
2290199706887
2290199707843
2290199708527
2290199709382
2290199711812
2290199712079
2290199712109
2290199712836
2290199715788
2290199715931
2290199716229
2290199716804
2290199717984
2290199718165
2290199718365
2290199718554
2290199718953
2290199719179
2290199720389
2290199720521
2290199720778
2290199721251
2290199721413
2290199722140
2290199723821
2290199724561
2290199726959
2290199729197
2290199730460
2290199730794
2290199733772
2290199733906
2290199734888
2290199735160
2290199735744
2290199738557
2290199739857
2290199740325
2290199740754
2290199740865
2290199740986
2290199741966
2290199742118
2290199743078
2290199743533
2290199744419
2290199744965
2290199745066
2290199745580
2290199745697
2290199746631
2290199748244
2290199748343
2290199748904
2290199749179
2290199749864
2290199750264
2290199750507
2290199751076
2290199751428
2290199751706
2290199751793
2290199752867
2290199753356
2290199754239
2290199754374
2290199756393
2290199756499
2290199757360
2290199759575
2290199760058
2290199762685
2290199764792
2290199767374
2290199770160
2290199770335
2290199770731
2290199771345
2290199772635
2290199772905
2290199775945
2290199776025
2290199777078
2290199777660
2290199778019
2290199778387
2290199779276
2290199781426
2290199782263
2290199783596
2290199784866
2290199788891
2290199789495
2290199790046
2290199790214
2290199790911
2290199790973
2290199791650
2290199791777
2290199792699
2290199792823
2290199792837
2290199794215
2290199794451
2290199795977
2290199796081
2290199796095
2290199799324
2290199799752
2290199801694
2290199803135
2290199803946
2290199805170
2290199807534
2290199808207
2290199809882
2290199810478
2290199811350
2290199812360
2290199812991
2290199813156
2290199814056
2290199814542
2290199814717
2290199815436
2290199815839
2290199819817
2290199821278
2290199822521
2290199822849
2290199823228
2290199823564
2290199825976
2290199827537
2290199827862
2290199827894
2290199829599
2290199830622
2290199833829
2290199836909
2290199841632
2290199843192
2290199846815
2290199848019
2290199849341
2290199851483
2290199851916
2290199851958
2290199852290
2290199853743
2290199855541
2290199856335
2290199856582
2290199856678
2290199856795
2290199856833
2290199857113
2290199858095
2290199858995
2290199859750
2290199861043
2290199863317
2290199865338
2290199865353
2290199867094
2290199867176
2290199867246
2290199868020
2290199868165
2290199868702
2290199868800
2290199869785
2290199870508
2290199872864
2290199873257
2290199873353
2290199873938
2290199875713
2290199875755
2290199876121
2290199876505
2290199876735
2290199878011
2290199879155
2290199880798
2290199880991
2290199884190
2290199885553
2290199885999
2290199886489
2290199886913
2290199887681
2290199887794
2290199888796
2290199890161
2290199890313
2290199891150
2290199891710
2290199892001
2290199892164
2290199892651
2290199893891
2290199894997
2290199895507
2290199895856
2290199897852
2290199898924
2290199900821
2290199902022
2290199902367
2290199904024
2290199904435
2290199904888
2290199905135
2290199906843
2290199908035
2290199909097
2290199909124
2290199910228
2290199910501
2290199910685
2290199911202
2290199911755
2290199912232
2290199912481
2290199914521
2290199915864
2290199915940
2290199916426
2290199917400
2290199919485
2290199919807
2290199920106
2290199920972
2290199921823
2290199923396
2290199924277
2290199925362
2290199926769
2290199927026
2290199928801
2290199929330
2290199930855
2290199931480
2290199932828
2290199933785
2290199933812
2290199934820
2290199935552
2290199936539
2290199937085
2290199937739
2290199937838
2290199939763
2290199939795
2290199939807
2290199940300
2290199940421
2290199942033
2290199942100
2290199942145
2290199943155
2290199943473
2290199943844
2290199944170
2290199944469
2290199945698
2290199945812
2290199946908
2290199948452
2290199949099
2290199949443
2290199949664
2290199949682
2290199955319
2290199956006
2290199956413
2290199957256
2290199957705
2290199958041
2290199958692
2290199958835
2290199959438
2290199962603
2290199963536
2290199965537
2290199966616
2290199970024
2290199970230
2290199971461
2290199972164
2290199973559
2290199974613
2290199976508
2290199977567
2290199981088
2290199981304
2290199981805
2290199982164
2290199982434
2290199983050
2290199983463
2290199988713
2290199989028
2290199991852
2290199992118
2290199995534
2290199996045
2290199996055
2290199996339
2290199997050
2290199997346
2290199999103