+97430003933
+97430007151
+97430012911
+97430013040
+97430023874
+97430025366
+97430025624
+97430027322
+97430027573
+97430035729
+97430036091
+97430040058
+97430040905
+97430042024
+97430043742
+97430048165
+97430062697
+97430067219
+97430077255
+97430087157
+97430093038
+97430102526
+97430110804
+97430116088
+97430125212
+97430128789
+97430131234
+97430131539
+97430133112
+97430142419
+97430144541
+97430158192
+97430161555
+97430171381
+97430178880
+97430196150
+97430201125
+97430203025
+97430203086
+97430213721
+97430214643
+97430223876
+97430228980
+97430252826
+97430253139
+97430260722
+97430265220
+97430271217
+97430278890
+97430283350
+97430283802
+97430290530
+97430304689
+97430307958
+97430315879
+97430316162
+97430320203
+97430351609
+97430385504
+97430388674
+97430391822
+97430405606
+97430443406
+97430522110
+97430535956
+97430561788
+97430571990
+97430597544
+97430615362
+97430626211
+97430693095
+97430715345
+97430723620
+97430723975
+97430729695
+97430762907
+97430766739
+97430770416
+97430790540
+97430793832
+97430810745
+97430813562
+97430851622
+97430853647
+97430858497
+97430881011
+97430889274
+97430899758
+97430901200
+97430922253
+97430926475
+97430933143
+97430936787
+97430950455
+97430952894
+97430953525
+97430955271
+97430962890
+97430963889
+97430968569
+97430969664
+97430974166
+97430976711
+97430980013
+97470008995
+97470010005
+97470010926
+97470012435
+97470022400
+97470025631
+97470036555
+97470038050
+97470040664
+97470041036
+97470045850
+97470062370
+97470071204
+97470074474
+97470077447
+97470086544
+97470094744
+97470095152
+97470095608
+97470100818
+97470101661
+97470125125
+97470131351
+97470137809
+97470143061
+97470164814
+97470168185
+97470181285
+97470182331
+97470188992
+97470190406
+97470202602
+97470216858
+97470222625
+97470232417
+97470244233
+97470255023
+97470255739
+97470256320
+97470266769
+97470273045
+97470282301
+97470283722
+97470284629
+97470284942
+97470305558
+97470319658
+97470321851
+97470322634
+97470323797
+97470341516
+97470351150
+97470351770
+97470368853
+97470407534
+97470411211
+97470421308
+97470435526
+97470446025
+97470446912
+97470448287
+97470448912
+97470452147
+97470455221
+97470462660
+97470478852
+97470482229
+97470482358
+97470482708
+97470485582
+97470487077
+97470488726
+97470489831
+97470494423
+97470500760
+97470500833
+97470501095
+97470502033
+97470502313
+97470505126
+97470508055
+97470512308
+97470514021
+97470524045
+97470524105
+97470525891
+97470533705
+97470536087
+97470536528
+97470542735
+97470549989
+97470552252
+97470554000
+97470558557
+97470558790
+97470559558
+97470560274
+97470565456
+97470566817
+97470568014
+97470568468
+97470571162
+97470572077
+97470572522
+97470576985
+97470577670
+97470579679
+97470582386
+97470586156
+97470603350
+97470610735
+97470624400
+97470634729
+97470641563
+97470644840
+97470661712
+97470661941
+97470667250
+97470673615
+97470695734
+97470698282
+97470701087
+97470704548
+97470706917
+97470713560
+97470716098
+97470731105
+97470731572
+97470742284
+97470747514
+97470749130
+97470753164
+97470758000
+97470763017
+97470765507
+97470770401
+97470773201
+97470774913
+97470776329
+97470777453
+97470777693
+97470778028
+97470787721
+97470790017
+97470799635
+97470802729
+97470821385
+97470822898
+97470840789
+97470849899
+97470852811
+97470857561
+97470864566
+97470865394
+97470876905
+97470882309
+97470894596
+97470896127
+97470904684
+97470905662
+97470908548
+97470909054
+97470909941
+97470921010
+97470926669
+97470929830
+97470936940
+97470963086
+97470968226
+97470973629
+97470979806
+97470982347
+97470982863
+97474000720
+97474009547
+97474019894
+97474064906
+97474430787
+97474444905
+97474474383
+97474478860
+97474493009
+97474494472
+97474494618
+97474495551
+97474714830
+97474742414
+97474743403
+97474747429
+97474751519
+97474754009
+97474754714
+97474771197
+97474774786
+97474785332
+97474799610
+97477003034
+97477007083
+97477018144
+97477024015
+97477032435
+97477034332
+97477044104
+97477046677
+97477051551
+97477073411
+97477095536
+97477101901
+97477130826
+97477151013
+97477192681
+97477195249
+97477242576
+97477260267
+97477261657
+97477266455
+97477267348
+97477280162
+97477280395
+97477290156
+97477324444
+97477339880
+97477365134
+97477365252
+97477367776
+97477379252
+97477379944
+97477429417
+97477448800
+97477449094
+97477482513
+97477497232
+97477544825
+97477578342
+97477579473
+97477585508
+97477585802
+97477597369
+97477606958
+97477607044
+97477613832
+97477614056
+97477614171
+97477615301
+97477622748
+97477623827
+97477629206
+97477629521
+97477651604
+97477655234
+97477658745
+97477664727
+97477665584
+97477667555
+97477667874
+97477668387
+97477669551
+97477674048
+97477675603
+97477676418
+97477691954
+97477695722
+97477700025
+97477703427
+97477706906
+97477707881
+97477708013
+97477709766
+97477719444
+97477719944
+97477730588
+97477734139
+97477736373
+97477736550
+97477741615
+97477750523
+97477753782
+97477770921
+97477774999
+97477775431
+97477780068
+97477780974
+97477806491
+97477847710
+97477848780
+97477853685
+97477857075
+97477883239
+97477884536
+97477891996
+97477938173
+97477945610
+97477955412
+97477970871
+97477973929
+97477983778