380972461171
380683992030
380681211722
380987988171
380681216885
380677089187
380983078436
380683995446
380681215378
380681211594
380964906805
380979637512
380979633773
380962325519
380989163264
380684046596
380964902669
380984185718
380684042306
380987983514
380684045748
380984811448
380681210744
380980037155
380972468480
380983074236
380683994666
380983075243
380964902961
380987986475
380989166715
380989169186
380972466797
380983079538
380983076673
380988850957
380684047076
380987986597
380983077638
380988850793
380683998478
380983079045
380980038117
380984818796
380983072023
380988859573
380987986380
380972460094
380683992571
380684045412
380987988036
380987980491
380984816733
380978273384
380681210623
380972461832
380988851688
380978272046
380974424876
380964906330
380983498124
380987987065
380978273507
380684041777
380681216823
380988856614
380974429873
380983493529
380984816648
380983074064
380988852580
380683993830
380978277608
380982038948
380983493657
380980032008
380689346211
380974424580
380982035989
380681213093
380983077352
380987983949
380980034391
380982034206
380979631659
380982034634
380683996316
380983499700
380681217651
380689340470
380988857336
380983494133
380689348428
380689348233
380984185975
380974428263
380964907660
380979632076
380972468699
380681214439
380982031972
380984185694
380980039288
380978277311
380988855592
380987985082
380964905537
380983496601
380987984360
380677083461
380984818585
380989164764
380689348110
380684043668
380983076720
380988853705
380987988639
380964902076
380677088224
380983077895
380974421085
380988852400
380988852699
380983493809
380989163385
380962320311
380962321576
380681214563
380983490083
380988856770
380984182746
380684048539
380974423150
380982035929
380980034117
380983077932
380983070475
380984819666
380983078577
380989166685
380684041993
380681213071
380983073724
380984816340
380984816357
380984189867
380683999434
380683994381
380972466819
380987983255
380979637464
380984814066
380978271106
380689344252
380978275130
380984816560
380677083819
380989164901
380984184693
380988856581
380677081340
380983494034
380962328021
380972468767
380982031060
380689345935
380980037806
380988857853
380980031842
380978274230
380984183459
380684041020
380980033736
380989169960
380677088790
380689342061
380962328637
380962321757
380988852295
380980034653
380984817578
380984180418
380984814456
380978272259
380979631686
380984189851
380989167368
380983495140
380984182960
380677089488
380983071190
380988854003
380979639788
380677083842
380978271855
380962327703
380962328253
380987985966
380980033493
380689346279
380980031996
380980034666
380681210475
380983075844
380983079888
380974422328
380964906203
380983497880
380978270128
380677083666
380962328476
380987984549
380681216713
380989167122
380683994791
380984819766
380988856786
380684042043
380988854217
380979637949
380681217624
380689349077
380989161222
380677085604
380989168198
380683996973
380979638195
380988857325
380677080274
380972463299
380972466177
380983077530
380683997450
380988852367
380974424100
380689349245
380983076705
380984187749
380681213798
380978279608
380984810183
380964904647
380983494841
380683995052
380984182205
380978274393
380974427189
380988859787
380689340988
380972462182
380683995859
380979638425
380984186044
380974427831
380972461087
380681218361
380962328774
380972461381
380972461647
380984811117
380980039427
380984815155
380962327120
380677087334
380989167629
380980036297
380989161410
380683992779
380989162047
380980030619
380988855846
380984817439
380989166972
380984188456
380683998521
380684041765
380677082656
380982039193
380974428439
380979636759
380972462906
380962320786
380681212204
380964908568
380681212828
380962322458
380681212292
380962328725
380974423295
380681210133
380978278493
380984816377
380983071287
380962325658
380987981284
380972461316
380984189909
380979638339
380980038068
380974420260
380684046379
380983074714
380677087519
380984180074
380974429504
380979639336
380978274357
380987986433
380987989137
380964901511
380983491992
380983075581
380677088279
380689346772
380979630293
380987987096
380974423077
380974426468
380677084931
380681216381
380974428991
380689340117
380982038320
380983491617
380988851748
380983493104
380683993920
380964907103
380987986634
380962329837
380677082041
380989167359
380984183640
380972466895
380684041067
380683997538
380681210711
380988851177
380982030272
380681211776
380989167053
380989163226
380983498146
380681215049
380979637763
380974420016
380978277237
380681215452
380683997731
380962329895
380989169255
380972461140
380689344228
380962328874
380964909945
380972462034
380988856969
380962320693
380683997744
380984813113
380984819475
380974428894
380979639725
380974424692
380988851638
380989165159
380983070533
380689342402
380988850889
380681219465
380984812947
380978279196
380689340445
380978272418
380962326247
380988857392
380979636134
380987987172
380984182264
380684049680
380983077903
380984810305
380681216634
380972462617
380972462597
380684048364
380683997637
380980035248
380984184633
380983076891
380677082251
380978279819
380964908648
380974424332
380978274634
380689340976
380683995475
380978277501
380983077594
380683993909
380979636738
380988850192
380983493080
380983492442
380684049893
380974425837
380984818555
380983074095
380987987378
380989167736
380978271051
380984816208
380978271084
380677084918
380972464224
380984189521
380987987028
380972465704
380974426390
380983073162
380980035184
380983071620
380681211912
380989160362
380980031168
380980036999
380677083242
380983495220
380980031543
380982036717
380684044958
380984819010
380689341379
380677081705
380681217839
380984819716
380983071029
380689343295
380987988030
380984186689
380964903743
380989162816
380984814448
380677086814
380989161765
380974424112
380989163537
380983073146
380683995686
380684041772
380677080021
380987987496
380684041613
380980039223
380984810028
380972466579
380974427143
380984186358
380979630535
380689340099
380689347494
380989161928
380988850948
380982031959
380974429294
380681210365
380979639621
380677080600
380683991071
380983074741
380962326383
380988857030
380988857036
380974425997
380972462540
380988857023
380988856726
380987980119
380689349704
380964907430
380689341304
380983496947
380983498791
380983070997
380978276135
380983075073
380964902288
380987982172
380979630888
380677081363
380980038060
380684042618
380684044598
380681219220
380683999646
380978277374
380989166711
380988856409
380978273749
380987989071
380978272820
380974429988
380677089970
380684049333
380689340949
380988857414
380972461072
380681215173
380964902088
380972463170
380681219320
380984814962
380677081788
380984186398
380978274575
380982030517
380964902856
380972469000
380987989946
380989162205
380978275007
380980036563
380689348172
380978279898
380979630098
380972460618
380972466570
380978275099
380681212618
380983490291
380979638214
380681215250
380962324925
380980032634
380982037030
380974428132
380689345505
380987983666
380979637938
380684044034
380972460031
380974427358
380964903480
380984817511
380962322090
380983074726
380681218475
380989163949
380683993499
380982034232
380683998272
380989164650
380983079639
380677081669
380689346348
380972468903
380962325672
380684043150
380962322242
380984819391
380972465092
380972464889
380983074955
380989161318
380983073316
380982035055
380983078746
380962323561
380972464232
380987985353
380972465604
380962328607
380681217048
380987983613
380989163123
380683991216
380987989618
380962320231
380988857243
380681212660
380684047191
380972461720
380982033922
380983071465
380677082918
380962325136
380684043048
380683991466
380982034212
380982038341
380988850287
380689342939
380983079758
380980039247
380684042201
380681219244
380683994030
380983495425
380980039486
380983499618
380984812250
380982039453
380684042059
380962325342
380689343129
380972463343
380989160677
380964901979
380988857286
380684041027
380677085308
380988852206
380962322073
380677081408
380962322219
380978276666
380979631256
380979636664
380978279848
380964908677
380684044413
380984815368
380978276208
380984186702
380683996486
380979632232
380984812388
380972463190
380980035727
380984182402
380988858448
380962324999
380989161837
380984180358
380988857848
380983075894
380983078768
380978277133
380983078742
380964907965
380683991690
380677085906
380683990275
380972469429
380978274010
380983499645
380681210109
380974428915
380972464875
380962329792
380974429189
380677080152
380964908940
380681217073
380982033189
380972464868
380683997675
380987987537
380980033226
380989169153
380984810152
380972461296
380983075070
380677085611
380984811175
380982032525
380974423008
380681214980
380988850229
380988859668
380980031155
380983497322
380972463937
380980039741
380980032306
380989163730
380989167259
380984183060
380987983629
380972462953
380974428183
380983497138
380689340329
380978275476
380982035890
380683993716
380982031514
380978276285
380982036363
380972468160
380677083951
380983495436
380984182424
380979638915
380979637309
380974428720
380974420954
380684048614
380677082267
380984182602
380972467670
380974423526
380972467007
380982038855
380989163231
380983498373
380989167679
380684047645
380988853414
380974426281
380978270538
380684040702
380980033105
380689345932
380974428094
380982039769
380974427683
380984183242
380681219538
380982038208
380978271319
380689347174
380984187671
380980033172
380689345263
380984819849
380983490271
380962323551
380978279626
380987980493
380978274285
380681213545
380983497544
380980039847
380983076285
380989164599
380964909185
380988856420
380689345714
380987987198
380982033340
380962327608
380677083981
380964903956
380984815777
380982039094
380974426970
380980034536
380987986191
380988857917
380989161878
380689348003
380984182676
380684042220
380984814089
380677086983
380677081760
380681210270
380979637094
380984816298
380972469566
380677080717
380689348399
380989167821
380982038176
380989169481
380989164142
380980031182
380974423496
380988858318
380980032759
380980036831
380979637582
380962322844
380689342207
380689343256
380677083562
380683997073
380984186066
380987980991
380962325029
380964906766
380983076620
380978272706
380979631092
380983499072
380962329372
380683992694
380964901081
380683995929
380984181795
380677082175
380983496728
380978275788
380989161352
380982037972
380677087964
380979634036
380689344685
380684040198
380988853265
380964909101
380972460215
380964908887
380683999938
380988854123
380989169285
380988855707
380979637291
380988854424
380681218522
380982035151
380978271004
380979635930
380962329905
380978277455
380683994513
380964909976
380982031565
380683993117
380964901133
380987987956
380681214002
380984186971
380984812096
380979638085
380983071689
380980036556
380988858221
380964906528
380988851222
380978271168
380987988551
380683994924
380681211861
380988853541
380989162472
380988850255
380982035560
380681213233
380683999359
380681217604
380684047126
380983078543
380677083693
380978278340
380988851914
380989168598
380681216048
380684044008
380972460781
380978278749
380681218397
380982036360
380683990273
380987982783
380983070034
380683992411
380972467443
380683998949
380683993898
380988855570
380962323369
380979636302
380684041335
380979633873
380984180193
380984189505
380689347992
380972464405
380689340403
380964900147
380983072966
380983079619
380987981537
380984187843
380683993510
380683994190
380989168659
380689347348
380689342698
380980036500
380983493741
380982038025
380683995398
380983495201
380984816244
380689347353
380987989244
380677089160
380979633123
380972466456
380677089695
380978274529
380984189614
380989166356
380987986539
380962325590
380983077023
380683998131
380980030335
380989167084
380984182069
380689349969
380972460917
380683990713
380984815126
380979639303
380978271714
380987982028
380683997198
380979635640
380689348596
380964902382
380681211765
380677089040
380978272288
380962326250
380964902486
380989167461
380677080414
380980031833
380983079792
380979631489
380978275510
380683996043
380979634706
380684049303
380980037010
380984818501
380972463562
380677080138
380681210319
380964909121
380979638821
380683994066
380983078520
380974429336
380972462677
380677088005
380681218565
380974426614
380681216655
380984818198
380983073908
380984818861
380983495970
380683993561
380988856933
380980038808
380972462426
380689341047
380989162829
380962329180
380689345276
380983493864
380982037903
380983498041
380978276880
380677080475
380984816445
380964906457
380689341426
380983494641
380689347581
380980036904
380962329177
380980037743
380677087359
380974423062
380988855824
380989166224
380983491641
380984814168
380978271161
380989166467
380987985608
380684043632
380689344575
380987983415
380980035267
380677086135
380689343433
380983499486
380683997310
380681215039
380983498689
380983071274
380983493484
380964901986
380964907184
380962322993
380964901093
380980033968
380980034969
380974420255
380980033849
380989161466
380974423915
380983490557