+2250100850491
+2250100853354
+2250100853556
+2250100854144
+2250100854870
+2250100855945
+2250100856671
+2250100856874
+2250100856875
+2250100856876
+2250100856878
+2250100856879
+2250100856880
+2250100856881
+2250100856883
+2250100856884
+2250100856885
+2250100856887
+2250100856888
+2250100856890
+2250100856891
+2250100856892
+2250100856893
+2250100856896
+2250100856897
+2250100856898
+2250100856899
+2250100856901
+2250100856903
+2250100856904
+2250100856905
+2250100856906
+2250100856907
+2250100856908
+2250100856909
+2250100856914
+2250100856915
+2250100856917
+2250100856918
+2250100856920
+2250100856921
+2250100856922
+2250100856924
+2250100856925
+2250100856926
+2250100856927
+2250100856928
+2250100856933
+2250100856934
+2250100856936
+2250100856941
+2250100856942
+2250100856943
+2250100856944
+2250100856947
+2250100856948
+2250100856949
+2250100856950
+2250100856951
+2250100856952
+2250100856953
+2250100856954
+2250100856957
+2250100856959
+2250100856960
+2250100856962
+2250100856963
+2250100856964
+2250100856965
+2250100856967
+2250100856969
+2250100856970
+2250100856971
+2250100856972
+2250100856973
+2250100856975
+2250100856976
+2250100856977
+2250100856979
+2250100856980
+2250100856981
+2250100856982
+2250100856983
+2250100856984
+2250100856987
+2250100856989
+2250100856991
+2250100856992
+2250100856993
+2250100856994
+2250100856998
+2250100857001
+2250100857003
+2250100857004
+2250100857006
+2250100857008
+2250100857010
+2250100857015
+2250100857017
+2250100857018
+2250100857019
+2250100857021
+2250100857022
+2250100857023
+2250100857024
+2250100857025
+2250100857026
+2250100857027
+2250100857028
+2250100857029
+2250100857030
+2250100857031
+2250100857032
+2250100857036
+2250100857040
+2250100857042
+2250100857043
+2250100857044
+2250100857045
+2250100857049
+2250100857050
+2250100857051
+2250100857052
+2250100857053
+2250100857054
+2250100857055
+2250100857057
+2250100857058
+2250100857059
+2250100857060
+2250100857061
+2250100857062
+2250100857063
+2250100857064
+2250100857065
+2250100857066
+2250100857069
+2250100857070
+2250100857071
+2250100857072
+2250100857073
+2250100857076
+2250100857077
+2250100857078
+2250100857082
+2250100857083
+2250100857084
+2250100857086
+2250100857088
+2250100857090
+2250100857092
+2250100857093
+2250100857094
+2250100857096
+2250100857097
+2250100857098
+2250100857099
+2250100857100
+2250100857101
+2250100857103
+2250100857104
+2250100857105
+2250100857106
+2250100857108
+2250100857109
+2250100857113
+2250100857116
+2250100857117
+2250100857119
+2250100857121
+2250100857122
+2250100857123
+2250100857124
+2250100857127
+2250100857128
+2250100857129
+2250100857130
+2250100857131
+2250100857132
+2250100857133
+2250100857134
+2250100857135
+2250100857137
+2250100857138
+2250100857139
+2250100857141
+2250100857142
+2250100857146
+2250100857149
+2250100857151
+2250100857156
+2250100857157
+2250100857161
+2250100857163
+2250100857165
+2250100857167
+2250100857169
+2250100857170
+2250100857171
+2250100857172
+2250100857176
+2250100857178
+2250100857181
+2250100857184
+2250100857185
+2250100857186
+2250100857187
+2250100857191
+2250100857192
+2250100857193
+2250100857197
+2250100857198
+2250100857199
+2250100857200
+2250100857201
+2250100857202
+2250100857204
+2250100857205
+2250100857206
+2250100857207
+2250100857209
+2250100857212
+2250100857214
+2250100857216
+2250100857218
+2250100857221
+2250100857222
+2250100857223
+2250100857224
+2250100857225
+2250100857226
+2250100857231
+2250100857233
+2250100857234
+2250100857236
+2250100857237
+2250100857238
+2250100857239
+2250100857240
+2250100857241
+2250100857242
+2250100857243
+2250100857244
+2250100857245
+2250100857249
+2250100857250
+2250100857253
+2250100857256
+2250100857257
+2250100857258
+2250100857259
+2250100857260
+2250100857267
+2250100857268
+2250100857270
+2250100857271
+2250100857272
+2250100857273
+2250100857275
+2250100857278
+2250100857279
+2250100857280
+2250100857281
+2250100857282
+2250100857283
+2250100857284
+2250100857287
+2250100857292
+2250100857295
+2250100857296
+2250100857297
+2250100857298
+2250100857299
+2250100857300
+2250100857302
+2250100857303
+2250100857306
+2250100857308
+2250100857309
+2250100857310
+2250100857311
+2250100857312
+2250100857313
+2250100857314
+2250100857315
+2250100857316
+2250100857317
+2250100857318
+2250100857319
+2250100857321
+2250100857322
+2250100857324
+2250100857325
+2250100857328
+2250100857331
+2250100857334
+2250100857335
+2250100857337
+2250100857343
+2250100857344
+2250100857346
+2250100857347
+2250100857348
+2250100857350
+2250100857351
+2250100857352
+2250100857353
+2250100857357
+2250100857358
+2250100857359
+2250100857363
+2250100857364
+2250100857365
+2250100857366
+2250100857370
+2250100857371
+2250100857373
+2250100857375
+2250100857378
+2250100857379
+2250100857380
+2250100857381
+2250100857382
+2250100857383
+2250100857385
+2250100857388
+2250100857389
+2250100857391
+2250100857394
+2250100857395
+2250100857396
+2250100857397
+2250100857398
+2250100857399
+2250100857400
+2250100857401
+2250100857402
+2250100857404
+2250100857405
+2250100857413
+2250100857414
+2250100857415
+2250100857416
+2250100857417
+2250100857418
+2250100857419
+2250100857420
+2250100857421
+2250100857422
+2250100857424
+2250100857425
+2250100857426
+2250100857427
+2250100857430
+2250100857431
+2250100857435
+2250100857437
+2250100857438
+2250100857439
+2250100857440
+2250100857442
+2250100857443
+2250100857446
+2250100857447
+2250100857449
+2250100857450
+2250100857454
+2250100857455
+2250100857456
+2250100857457
+2250100857459
+2250100857460
+2250100857462
+2250100857463
+2250100857465
+2250100857466
+2250100857467
+2250100857468
+2250100857469
+2250100857472
+2250100857474
+2250100857476
+2250100857477
+2250100857478
+2250100857479
+2250100857487
+2250100857488
+2250100857489
+2250100857490
+2250100857491
+2250100857492
+2250100857493
+2250100857494
+2250100857495
+2250100857496
+2250100857497
+2250100857498
+2250100857501
+2250100857503
+2250100857504
+2250100857505
+2250100857507
+2250100857508
+2250100857509
+2250100857511
+2250100857512
+2250100857514
+2250100857516
+2250100857517
+2250100857518
+2250100857519
+2250100857521
+2250100857524
+2250100857527
+2250100857529
+2250100857530
+2250100857532
+2250100857533
+2250100857535
+2250100857537
+2250100857538
+2250100857539
+2250100857540
+2250100857543
+2250100857544
+2250100857545
+2250100857547
+2250100857553
+2250100857554
+2250100857556
+2250100857557
+2250100857558
+2250100857559
+2250100857560
+2250100857565
+2250100857567
+2250100857569
+2250100857570
+2250100857571
+2250100857572
+2250100857573
+2250100857575
+2250100857577
+2250100857578
+2250100857580
+2250100857581
+2250100857583
+2250100857584
+2250100857585
+2250100857587
+2250100857588
+2250100857589
+2250100857590
+2250100857591
+2250100857592
+2250100857594
+2250100857598
+2250100857599
+2250100857600
+2250100857601
+2250100857602
+2250100857603
+2250100857604
+2250100857608
+2250100857609
+2250100857610
+2250100857612
+2250100857613
+2250100857614
+2250100857615
+2250100857616
+2250100857617
+2250100857619
+2250100857620
+2250100857622
+2250100857623
+2250100857624
+2250100857625
+2250100857626
+2250100857627
+2250100857630
+2250100857631
+2250100857633
+2250100857634
+2250100857635
+2250100857636
+2250100857638
+2250100857639
+2250100857640
+2250100857642
+2250100857643
+2250100857644
+2250100857647
+2250100857650
+2250100857651
+2250100857652
+2250100857654
+2250100857656
+2250100857657
+2250100857658
+2250100857659
+2250100857660
+2250100857662
+2250100857668
+2250100857671
+2250100857672
+2250100857674
+2250100857675
+2250100857676
+2250100857678
+2250100857680
+2250100857683
+2250100857686
+2250100857687
+2250100857688
+2250100857690
+2250100857691
+2250100857692
+2250100857693
+2250100857694
+2250100857696
+2250100857697
+2250100857698
+2250100857699
+2250100857701
+2250100857702
+2250100857703
+2250100857706
+2250100857707
+2250100857709
+2250100857710
+2250100857711
+2250100857712
+2250100857714
+2250100857715
+2250100857717
+2250100857719
+2250100857720
+2250100857721
+2250100857723
+2250100857724
+2250100857726
+2250100857728
+2250100857729
+2250100857730
+2250100857731
+2250100857732
+2250100857733
+2250100857736
+2250100857737
+2250100857738
+2250100857740
+2250100857741
+2250100857742
+2250100857743
+2250100857745
+2250100857746
+2250100857749
+2250100857750
+2250100857752
+2250100857753
+2250100857754
+2250100857755
+2250100857756
+2250100857757
+2250100857758
+2250100857759
+2250100857760
+2250100857761
+2250100857762
+2250100857764
+2250100857765
+2250100857766
+2250100857767
+2250100857768
+2250100857769
+2250100857770
+2250100857771
+2250100857772
+2250100857774
+2250100857775
+2250100857777
+2250100857779
+2250100857780
+2250100857782
+2250100857783
+2250100857784
+2250100857786
+2250100857790
+2250100857791
+2250100857793
+2250100857794
+2250100857795
+2250100857796
+2250100857797
+2250100857798
+2250100857799
+2250100857800
+2250100857801
+2250100857802
+2250100857803
+2250100857805
+2250100857807
+2250100857810
+2250100857811
+2250100857813
+2250100857814
+2250100857816
+2250100857817
+2250100857818
+2250100857821
+2250100857822
+2250100857823
+2250100857826
+2250100857828
+2250100857829
+2250100857833
+2250100857836
+2250100857837
+2250100857838
+2250100857839
+2250100857840
+2250100857845
+2250100857847
+2250100857853
+2250100857854
+2250100857856
+2250100857857
+2250100857858
+2250100857861
+2250100857862
+2250100857863
+2250100857864
+2250100857866
+2250100857868
+2250100857869
+2250100857870
+2250100857872
+2250100857874
+2250100857877
+2250100857878
+2250100857879
+2250100857882
+2250100857883
+2250100857886
+2250100857887
+2250100857888
+2250100857889
+2250100857891
+2250100857893
+2250100857894
+2250100857896
+2250100857897
+2250100857898
+2250100857899
+2250100857900
+2250100857901
+2250100857902
+2250100857905
+2250100857906
+2250100857908
+2250100857910
+2250100857911
+2250100857912
+2250100857914
+2250100857915
+2250100857917
+2250100857919
+2250100857920
+2250100857921
+2250100857922
+2250100857923
+2250100857924
+2250100857925
+2250100857926
+2250100857928
+2250100857929
+2250100857931
+2250100857932
+2250100857933
+2250100857934
+2250100857936
+2250100857938
+2250100857940
+2250100857941
+2250100857943
+2250100857947
+2250100857948
+2250100857949
+2250100857951
+2250100857952
+2250100857953
+2250100857954
+2250100857955
+2250100857957
+2250100857958
+2250100857961
+2250100857962
+2250100857963
+2250100857964
+2250100857965
+2250100857967
+2250100857968
+2250100857970
+2250100857972
+2250100857973
+2250100857975
+2250100857977
+2250100857979
+2250100857980
+2250100857981
+2250100857982
+2250100857985
+2250100857987
+2250100857988
+2250100857989
+2250100857990
+2250100857991
+2250100857992
+2250100857993
+2250100857994
+2250100857996
+2250100857998
+2250100857999
+2250100858002
+2250100858003
+2250100858004
+2250100858005
+2250100858006
+2250100858007
+2250100858009
+2250100858010
+2250100858012
+2250100858014
+2250100858019
+2250100858020
+2250100858022
+2250100858024
+2250100858027
+2250100858029
+2250100858032
+2250100858033
+2250100858034
+2250100858036
+2250100858037
+2250100858039
+2250100858042
+2250100858044
+2250100858045
+2250100858047
+2250100858049
+2250100858050
+2250100858051
+2250100858055
+2250100858056
+2250100858058
+2250100858059
+2250100858060
+2250100858061
+2250100858062
+2250100858063
+2250100858064
+2250100858065
+2250100858066
+2250100858067
+2250100858068
+2250100858070
+2250100858071
+2250100858072
+2250100858073
+2250100858074
+2250100858076
+2250100858077
+2250100858078
+2250100858079
+2250100858081
+2250100858082
+2250100858083
+2250100858084
+2250100858088
+2250100858090
+2250100858091
+2250100858093
+2250100858094
+2250100858095
+2250100858098
+2250100858101
+2250100858103
+2250100858106
+2250100858107
+2250100858108
+2250100858109
+2250100858110
+2250100858111
+2250100858115
+2250100858116
+2250100858118
+2250100858119
+2250100858120
+2250100858121
+2250100858122
+2250100858123
+2250100858125
+2250100858126
+2250100858127
+2250100858129
+2250100858130
+2250100858131
+2250100858132
+2250100858136
+2250100858137
+2250100858138
+2250100858144
+2250100858145
+2250100858148
+2250100858150
+2250100858151
+2250100858153
+2250100858154
+2250100858155
+2250100858157
+2250100858160
+2250100858161
+2250100858164
+2250100858165
+2250100858166
+2250100858169
+2250100858172
+2250100858173
+2250100858176
+2250100858177
+2250100858179
+2250100858180
+2250100858181
+2250100858183
+2250100858184
+2250100858187
+2250100858188
+2250100858190
+2250100858191
+2250100858192
+2250100858194
+2250100858195
+2250100858196
+2250100858197
+2250100858198
+2250100858199
+2250100858200
+2250100858201
+2250100858202
+2250100858204
+2250100858205
+2250100858206
+2250100858207
+2250100858208
+2250100858209
+2250100858211
+2250100858216
+2250100858217
+2250100858219
+2250100858220
+2250100858222
+2250100858223
+2250100858229
+2250100858230
+2250100858232
+2250100858233
+2250100858234
+2250100858235
+2250100858236
+2250100858237
+2250100858238
+2250100858240
+2250100858246
+2250100858247
+2250100858248
+2250100858249
+2250100858251
+2250100858252
+2250100858253
+2250100858254
+2250100858257
+2250100858258
+2250100858259
+2250100858260
+2250100858261
+2250100858262
+2250100858263
+2250100858264
+2250100858265
+2250100858266
+2250100858267
+2250100858268
+2250100858271
+2250100858273
+2250100858274
+2250100858277
+2250100858279
+2250100858281
+2250100858282
+2250100858284
+2250100858285
+2250100858286
+2250100858287
+2250100858288
+2250100858290
+2250100858291
+2250100858292
+2250100858293
+2250100858298
+2250100858300
+2250100858302
+2250100858303
+2250100858304
+2250100858307
+2250100858308
+2250100858312
+2250100858313
+2250100858315
+2250100858317
+2250100858318
+2250100858320
+2250100858321
+2250100858322
+2250100858323
+2250100858324
+2250100858325
+2250100858327
+2250100858332
+2250100858333
+2250100858335
+2250100858336
+2250100858337
+2250100858338
+2250100858340
+2250100858342
+2250100858343
+2250100858345
+2250100858347
+2250100858348
+2250100858349
+2250100858351
+2250100858353
+2250100858354
+2250100858355
+2250100858356
+2250100858357
+2250100858358
+2250100858359
+2250100858361
+2250100858362
+2250100858363
+2250100858364
+2250100858365
+2250100858367
+2250100858368
+2250100858369
+2250100858371
+2250100858372
+2250100858373
+2250100858374
+2250100858379
+2250100858380
+2250100858381
+2250100858382
+2250100858383
+2250100858384
+2250100858385
+2250100858388
+2250100858389
+2250100858391
+2250100858394
+2250100858396
+2250100858400
+2250100858402
+2250100858403
+2250100858407
+2250100858408
+2250100858410
+2250100858412
+2250100858413
+2250100858414
+2250100858415
+2250100858416
+2250100858417
+2250100858418
+2250100858419
+2250100858420
+2250100858422
+2250100858423
+2250100858424
+2250100858426
+2250100858427
+2250100858428
+2250100858429
+2250100858430
+2250100858431
+2250100858432
+2250100858435
+2250100858436
+2250100858437
+2250100858441
+2250100858442
+2250100858443
+2250100858445
+2250100858446
+2250100858447
+2250100858448
+2250100858451
+2250100858452
+2250100858455
+2250100858456
+2250100858460
+2250100858463
+2250100858464
+2250100858465
+2250100858466
+2250100858467
+2250100858469
+2250100858470
+2250100858472
+2250100858473
+2250100858475
+2250100858478
+2250100858481
+2250100858483
+2250100858485
+2250100858486
+2250100858488
+2250100858490
+2250100858492
+2250100858493
+2250100858495
+2250100858496
+2250100858499
+2250100858500
+2250100858501
+2250100858502
+2250100858505
+2250100858507
+2250100858510
+2250100858514
+2250100858515
+2250100858517
+2250100858518
+2250100858519
+2250100858520
+2250100858524
+2250100858525
+2250100858527
+2250100858528
+2250100858529
+2250100858530
+2250100858531
+2250100858532
+2250100858534
+2250100858536
+2250100858537
+2250100858539
+2250100858541
+2250100858543
+2250100858544
+2250100858545
+2250100858547
+2250100858548
+2250100858550
+2250100858551
+2250100858553
+2250100858554
+2250100858557
+2250100858558
+2250100858560
+2250100858561
+2250100858563
+2250100858564
+2250100858565
+2250100858566
+2250100858567
+2250100858568
+2250100858570
+2250100858572
+2250100858574
+2250100858577
+2250100858579
+2250100858581
+2250100858582
+2250100858583
+2250100858584
+2250100858585
+2250100858587
+2250100858588
+2250100858590
+2250100858591
+2250100858592
+2250100858593
+2250100858595
+2250100858597
+2250100858598
+2250100858600
+2250100858602
+2250100858604
+2250100858607
+2250100858608
+2250100858609
+2250100858610
+2250100858612
+2250100858613
+2250100858616
+2250100858617
+2250100858620
+2250100858621
+2250100858622
+2250100858623
+2250100858624
+2250100858625
+2250100858627
+2250100858629
+2250100858631
+2250100858632
+2250100858633
+2250100858634
+2250100858635
+2250100858636
+2250100858637
+2250100858638
+2250100858639
+2250100858640
+2250100858641
+2250100858642
+2250100858643
+2250100858644
+2250100858645
+2250100858648
+2250100858650
+2250100858651
+2250100858653
+2250100858654
+2250100858655
+2250100858656
+2250100858657
+2250100858658
+2250100858659
+2250100858660
+2250100858662
+2250100858664
+2250100858670
+2250100858671
+2250100858672
+2250100858673
+2250100858675
+2250100858677
+2250100858679
+2250100858680
+2250100858682
+2250100858683
+2250100858684
+2250100858686
+2250100858688
+2250100858691
+2250100858692
+2250100858693
+2250100858694
+2250100858696
+2250100858698
+2250100858699
+2250100858700
+2250100858701
+2250100858702
+2250100858703
+2250100858704
+2250100858705
+2250100858709
+2250100858710
+2250100858711
+2250100858712
+2250100858716
+2250100858717
+2250100858721
+2250100858722
+2250100858723
+2250100858724
+2250100858726
+2250100858728
+2250100858729
+2250100858730
+2250100858731
+2250100858732
+2250100858733
+2250100858736
+2250100858737
+2250100858738
+2250100858740
+2250100858741
+2250100858743
+2250100858744
+2250100858747
+2250100858750
+2250100858751
+2250100858752
+2250100858754
+2250100858755
+2250100858756
+2250100858757
+2250100858758
+2250100858759
+2250100858760
+2250100858761
+2250100858763
+2250100858765
+2250100858769
+2250100858771
+2250100858773
+2250100858774
+2250100858777
+2250100858778
+2250100858779
+2250100858780
+2250100858781
+2250100858782
+2250100858783
+2250100858784
+2250100858785
+2250100858787
+2250100858790
+2250100858792
+2250100858793
+2250100858794
+2250100858798
+2250100858800
+2250100858802
+2250100858803
+2250100858804
+2250100858805
+2250100858806
+2250100858807
+2250100858808
+2250100858809
+2250100858814
+2250100858815
+2250100858816
+2250100858818
+2250100858820
+2250100858821
+2250100858822
+2250100858823
+2250100858824
+2250100858826
+2250100858827
+2250100858828
+2250100858830
+2250100858831
+2250100858832
+2250100858833
+2250100858836
+2250100858837
+2250100858839
+2250100858841
+2250100858842
+2250100858843
+2250100858845
+2250100858846
+2250100858849
+2250100858850
+2250100858851
+2250100858852
+2250100858853
+2250100858855
+2250100858857
+2250100858858
+2250100858860
+2250100858861
+2250100858862
+2250100858864
+2250100858867
+2250100858868
+2250100858870
+2250100858873
+2250100858874
+2250100858876
+2250100858877
+2250100858879
+2250100858880
+2250100858884
+2250100858885
+2250100858886
+2250100858887
+2250100858888
+2250100858889
+2250100858890
+2250100858891
+2250100858892
+2250100858895
+2250100858896
+2250100858899
+2250100858900
+2250100858901
+2250100858903
+2250100858905
+2250100858907
+2250100858909
+2250100858913
+2250100858914
+2250100858917
+2250100858919
+2250100858920
+2250100858921
+2250100858923
+2250100858926
+2250100858927
+2250100858929
+2250100858930
+2250100858932
+2250100858933
+2250100858935
+2250100858937
+2250100858939
+2250100858942
+2250100858943
+2250100858944
+2250100858945
+2250100858947
+2250100858949
+2250100858952
+2250100858953
+2250100858954
+2250100858956
+2250100858957
+2250100858959
+2250100858960
+2250100858961
+2250100858962
+2250100858964
+2250100858966
+2250100858969
+2250100858970
+2250100858972
+2250100858973
+2250100858974
+2250100858976
+2250100858979
+2250100858981
+2250100858984
+2250100858985
+2250100858986
+2250100858987
+2250100858989
+2250100858990
+2250100858994
+2250100858995
+2250100858996
+2250100858997
+2250100858998
+2250100858999
+2250100859001
+2250100859005
+2250100859006
+2250100859007
+2250100859009
+2250100859010
+2250100859011
+2250100859012
+2250100859013
+2250100859014
+2250100859015
+2250100859021
+2250100859022
+2250100859024
+2250100859026
+2250100859027
+2250100859029
+2250100859031
+2250100859032
+2250100859033
+2250100859035
+2250100859036
+2250100859038
+2250100859039
+2250100859040
+2250100859041
+2250100859043
+2250100859045
+2250100859048
+2250100859049
+2250100859050
+2250100859051
+2250100859053
+2250100859054
+2250100859055
+2250100859056
+2250100859061
+2250100859062
+2250100859064
+2250100859065
+2250100859067
+2250100859068
+2250100859072
+2250100859074
+2250100859075
+2250100859076
+2250100859078
+2250100859079
+2250100859081
+2250100859088
+2250100859089
+2250100859095
+2250100859099
+2250100859101
+2250100859102
+2250100859103
+2250100859104
+2250100859106
+2250100859107
+2250100859108
+2250100859110
+2250100859112
+2250100859113
+2250100859118
+2250100859119
+2250100859120
+2250100859121
+2250100859123
+2250100859127
+2250100859128
+2250100859129
+2250100859130
+2250100859132
+2250100859133
+2250100859134
+2250100859135
+2250100859141
+2250100859142
+2250100859145
+2250100859146
+2250100859147
+2250100859148
+2250100859150
+2250100859153
+2250100859154
+2250100859156
+2250100859157
+2250100859158
+2250100859159
+2250100859161
+2250100859162
+2250100859165
+2250100859167
+2250100859168
+2250100859170
+2250100859171
+2250100859172
+2250100859173
+2250100859174
+2250100859175
+2250100859176
+2250100859179
+2250100859180
+2250100859181
+2250100859182
+2250100859185
+2250100859186
+2250100859187
+2250100859188
+2250100859189
+2250100859190
+2250100859191
+2250100859192
+2250100859194
+2250100859195
+2250100859198
+2250100859199
+2250100859201
+2250100859202
+2250100859203
+2250100859204
+2250100859205
+2250100859207
+2250100859208
+2250100859209
+2250100859210
+2250100859211
+2250100859214
+2250100859216
+2250100859218
+2250100859220
+2250100859221
+2250100859223
+2250100859224
+2250100859225
+2250100859229
+2250100859231
+2250100859232
+2250100859233
+2250100859234
+2250100859237
+2250100859238
+2250100859239
+2250100859240
+2250100859241
+2250100859242
+2250100859243
+2250100859244
+2250100859247
+2250100859248
+2250100859251
+2250100859253
+2250100859254
+2250100859257
+2250100859258
+2250100859263
+2250100859264
+2250100859269
+2250100859270
+2250100859272
+2250100859273
+2250100859275
+2250100859276
+2250100859277
+2250100859282
+2250100859285
+2250100859286
+2250100859288
+2250100859289
+2250100859290
+2250100859292
+2250100859293
+2250100859297
+2250100859298
+2250100859299
+2250100859300
+2250100859301
+2250100859302
+2250100859303
+2250100859304
+2250100859305
+2250100859306
+2250100859308
+2250100859309
+2250100859310
+2250100859311
+2250100859312
+2250100859313
+2250100859315
+2250100859317
+2250100859318
+2250100859319
+2250100859320
+2250100859322
+2250100859323
+2250100859325
+2250100859326
+2250100859331
+2250100859332
+2250100859333
+2250100859334
+2250100859335
+2250100859337
+2250100859340
+2250100859341
+2250100859343
+2250100859345
+2250100859346
+2250100859347
+2250100859348
+2250100859349
+2250100859350
+2250100859351
+2250100859352
+2250100859353
+2250100859354
+2250100859355
+2250100859356
+2250100859358
+2250100859361
+2250100859363
+2250100859364
+2250100859367
+2250100859369
+2250100859370
+2250100859371
+2250100859372
+2250100859380
+2250100859382
+2250100859383
+2250100859384
+2250100859386
+2250100859388
+2250100859389
+2250100859391
+2250100859393
+2250100859395
+2250100859397
+2250100859398
+2250100859400
+2250100859402
+2250100859404
+2250100859405
+2250100859406
+2250100859407
+2250100859411
+2250100859412
+2250100859414
+2250100859415
+2250100859420
+2250100859421
+2250100859422
+2250100859423
+2250100859424
+2250100859425
+2250100859426
+2250100859428
+2250100859429
+2250100859430
+2250100859431
+2250100859433
+2250100859434
+2250100859435
+2250100859436
+2250100859437
+2250100859439
+2250100859441
+2250100859442
+2250100859443
+2250100859445
+2250100859447
+2250100859448
+2250100859449
+2250100859451
+2250100859454
+2250100859456
+2250100859457
+2250100859459
+2250100859460
+2250100859463
+2250100859464
+2250100859465
+2250100859466
+2250100859468
+2250100859469
+2250100859470
+2250100859471
+2250100859472
+2250100859473
+2250100859474
+2250100859475
+2250100859479
+2250100859481
+2250100859482
+2250100859484
+2250100859486
+2250100859487
+2250100859489
+2250100859490
+2250100859491
+2250100859492
+2250100859493
+2250100859494
+2250100859495
+2250100859496
+2250100859497
+2250100859498
+2250100859499
+2250100859501
+2250100859502
+2250100859505
+2250100859507
+2250100859508
+2250100859510
+2250100859511
+2250100859515
+2250100859516
+2250100859517
+2250100859518
+2250100859519
+2250100859520
+2250100859521
+2250100859523
+2250100859524
+2250100859525
+2250100859526
+2250100859527
+2250100859528
+2250100859529
+2250100859530
+2250100859531
+2250100859532
+2250100859533
+2250100859534
+2250100859537
+2250100859538
+2250100859539
+2250100859540
+2250100859541
+2250100859543
+2250100859545
+2250100859546
+2250100859547
+2250100859549
+2250100859550
+2250100859554
+2250100859555
+2250100859556
+2250100859557
+2250100859560
+2250100859561
+2250100859562
+2250100859563
+2250100859565
+2250100859566
+2250100859567
+2250100859569
+2250100859570
+2250100859572
+2250100859573
+2250100859574
+2250100859575
+2250100859577
+2250100859580
+2250100859581
+2250100859584
+2250100859585
+2250100859588
+2250100859590
+2250100859592
+2250100859593
+2250100859594
+2250100859595
+2250100859597
+2250100859598
+2250100859599
+2250100859601
+2250100859603
+2250100859605
+2250100859606
+2250100859607
+2250100859609
+2250100859610
+2250100859611
+2250100859613
+2250100859614
+2250100859615
+2250100859616
+2250100859617
+2250100859618
+2250100859621
+2250100859622
+2250100859623
+2250100859625
+2250100859626
+2250100859630
+2250100859632
+2250100859634
+2250100859637
+2250100859640
+2250100859641
+2250100859644
+2250100859646
+2250100859647
+2250100859650
+2250100859651
+2250100859654
+2250100859656
+2250100859657
+2250100859660
+2250100859662
+2250100859665
+2250100859667
+2250100859670
+2250100859671
+2250100859672
+2250100859673
+2250100859674
+2250100859676
+2250100859677
+2250100859679
+2250100859680
+2250100859682
+2250100859684
+2250100859687
+2250100859688
+2250100859692
+2250100859695
+2250100859696
+2250100859700
+2250100859703
+2250100859705
+2250100859706
+2250100859707
+2250100859708
+2250100859709
+2250100859711
+2250100859712
+2250100859717
+2250100859719
+2250100859726
+2250100859727
+2250100859728
+2250100859730
+2250100859733
+2250100859734
+2250100859735
+2250100859738
+2250100859739
+2250100859743
+2250100859744
+2250100859748
+2250100859750
+2250100859751
+2250100859752
+2250100859755
+2250100859756
+2250100859758
+2250100859759
+2250100859762
+2250100859763
+2250100859765
+2250100859767
+2250100859768
+2250100859769
+2250100859770
+2250100859771
+2250100859773
+2250100859774
+2250100859775
+2250100859777
+2250100859778
+2250100859779
+2250100859780
+2250100859781
+2250100859782
+2250100859783
+2250100859784
+2250100859788
+2250100859789
+2250100859790
+2250100859791
+2250100859792
+2250100859793
+2250100859794
+2250100859795
+2250100859799
+2250100859801
+2250100859803
+2250100859805
+2250100859806
+2250100859807
+2250100859808
+2250100859809
+2250100859810
+2250100859811
+2250100859812
+2250100859813
+2250100859815
+2250100859816
+2250100859818
+2250100859820
+2250100859822
+2250100859825
+2250100859827
+2250100859828
+2250100859831
+2250100859832
+2250100859833
+2250100859834
+2250100859835
+2250100859836
+2250100859837
+2250100859838
+2250100859840
+2250100859841
+2250100859843
+2250100859845
+2250100859846
+2250100859847
+2250100859850
+2250100859851
+2250100859852
+2250100859853
+2250100859855
+2250100859856
+2250100859857
+2250100859858
+2250100859859
+2250100859860
+2250100859862
+2250100859863
+2250100859864
+2250100859865
+2250100859869
+2250100859870
+2250100859871
+2250100859873
+2250100859874
+2250100859875
+2250100859876
+2250100859877
+2250100859878
+2250100859879
+2250100859881
+2250100859882
+2250100859883
+2250100859884
+2250100859888
+2250100859890
+2250100859891
+2250100859892
+2250100859893
+2250100859894
+2250100859895
+2250100859896
+2250100859898
+2250100859900
+2250100859901
+2250100859903
+2250100859904
+2250100859905
+2250100859906
+2250100859910
+2250100859911
+2250100859913
+2250100859914
+2250100859915
+2250100859916
+2250100859917
+2250100859918
+2250100859919
+2250100859920
+2250100859921
+2250100859923
+2250100859924
+2250100859925
+2250100859926
+2250100859931
+2250100859932
+2250100859933
+2250100859934
+2250100859935
+2250100859936
+2250100859937
+2250100859939
+2250100859943
+2250100859945
+2250100859946
+2250100859947
+2250100859951
+2250100859955
+2250100859956
+2250100859957
+2250100859960
+2250100859963
+2250100859965
+2250100859966
+2250100859968
+2250100859969
+2250100859970
+2250100859972
+2250100859973
+2250100859976
+2250100859977
+2250100859978
+2250100859981
+2250100859984
+2250100859987
+2250100859989
+2250100859990
+2250100859991
+2250100859993
+2250100859995
+2250100859996
+2250100859999