243858028024
243858026818
243858026990
243858028187
243858027988
243858027591
243858026794
243858027226
243858028644
243858028746
243858027046
243858028543
243858027698
243858028524
243858027654
243858028031
243858027410
243858028249
243858027888
243858027144
243858026888
243858028581
243858028388
243858027146
243858027722
243858027540
243858027236
243858027683
243858027079
243858028628
243858028352
243858028178
243858028616
243858028104
243858027867
243858027225
243858028664
243858028472
243858027413
243858028114
243858026814
243858028663
243858028383
243858027074
243858027402
243858027574
243858026844
243858027325
243858026757
243858027741
243858027887
243858027264
243858027465
243858028147
243858028063
243858028421
243858028185
243858028640
243858027283
243858027747
243858027276
243858027364
243858028462
243858028632
243858028128
243858027886
243858026911
243858028150
243858027604
243858028397
243858027639
243858026967
243858027932
243858028201
243858028090
243858028713
243858028496
243858028368
243858027513
243858026950
243858027114
243858027763
243858027381
243858026900
243858027224
243858027811
243858027575
243858027045
243858027967
243858027664
243858028049
243858028354
243858027169
243858028041
243858026803
243858028495
243858028193
243858026779
243858028584
243858028442
243858027944
243858027663
243858028270
243858028545
243858028507
243858026862
243858028085
243858027843
243858027571
243858028615
243858028170
243858027833
243858028346
243858027756
243858028475
243858026774
243858028241
243858026861
243858028251
243858026979
243858028023
243858027806
243858027033
243858027385
243858027925
243858026802
243858027222
243858028733
243858028319
243858027311
243858027193
243858028166
243858028604
243858028228
243858028184
243858027826
243858027990
243858027060
243858027353
243858028322
243858027685
243858026826
243858026923
243858027762
243858027797
243858027047
243858027508
243858027191
243858027039
243858028060
243858027326
243858027586
243858028678
243858028304
243858026773
243858027010
243858027334
243858027598
243858027085
243858026939
243858028513
243858028722
243858027257
243858028075
243858027620
243858028197
243858028651
243858027417
243858027520
243858028686
243858028153
243858027979
243858028223
243858026927
243858028272
243858027716
243858026945
243858028655
243858028313
243858026837
243858027877
243858028068
243858027327
243858027055
243858027330
243858028498
243858028004
243858028413
243858027044
243858027808
243858026871
243858027475
243858027913
243858028260
243858027628
243858028571
243858028082
243858028276
243858027258
243858026984
243858028333
243858027207
243858027059
243858027269
243858027125
243858027995
243858028194
243858027611
243858027214
243858026855
243858027082
243858026963
243858027909
243858026859
243858027526
243858027552
243858028478
243858027753
243858026992
243858028652
243858028503
243858028129
243858028665
243858028294
243858027609
243858027876
243858028259
243858028446
243858028236
243858027548
243858027709
243858027063
243858028015
243858026968
243858028546
243858027991
243858028318
243858027066
243858028603
243858028286
243858027935
243858028415
243858028483
243858028042
243858027471
243858027564
243858027123
243858027419
243858026849
243858027313
243858027089
243858027941
243858027695
243858027649
243858027088
243858028198
243858027132
243858028660
243858027895
243858028560
243858026936
243858027987
243858028723
243858028219
243858028372
243858027438
243858028158
243858028291
243858027911
243858027068
243858027931
243858027616
243858027775
243858027777
243858027021
243858028311
243858028141
243858027746
243858027689
243858027501
243858026943
243858028136
243858027265
243858027091
243858026763
243858027293
243858027452
243858028420
243858028522
243858027472
243858027603
243858027206
243858028195
243858028470
243858027299
243858027930
243858027974
243858028639
243858026961
243858027319
243858027774
243858027940
243858027345
243858027324
243858027370
243858027036
243858027430
243858027585
243858026753
243858027963
243858026819
243858028362
243858027871
243858028205
243858027133
243858028602
243858028410
243858027668
243858028530
243858027260
243858027333
243858027343
243858027946
243858028218
243858027278
243858026755
243858027309
243858027384
243858028134
243858027167
243858027101
243858027205
243858027619
243858027301
243858027428
243858026827
243858027026
243858027116
243858026830
243858028592
243858026863
243858028316
243858027439
243858027627
243858027048
243858028344
243858027356
243858028121
243858027809
243858027052
243858027134
243858026928
243858027029
243858027122
243858028519
243858027982
243858027352
243858028667
243858027275
243858026891
243858026828
243858027414
243858027536
243858027893
243858027546
243858028527
243858027780
243858027444
243858027665
243858026761
243858027462
243858028098
243858027651
243858026975
243858027889
243858028468
243858028630
243858027318
243858028724
243858026873
243858027302
243858027678
243858026899
243858027969
243858026756
243858027905
243858027511
243858027481
243858028377
243858028373
243858027177
243858028715
243858027621
243858028463
243858027978
243858028053
243858026938
243858028038
243858028285
243858027227
243858027124
243858027434
243858027443
243858027829
243858027151
243858028464
243858027758
243858028404
243858026993
243858027825
243858028725
243858028135
243858027822
243858027244
243858028672
243858028037
243858027983
243858027661
243858027061
243858028067
243858028661
243858027482
243858028051
243858027032
243858028588
243858027839
243858028693
243858028563
243858027838
243858027795
243858027371
243858027823
243858027646
243858028334
243858027573
243858027773
243858027955
243858026881
243858028444
243858027232
243858026998
243858027407
243858027912
243858027918
243858027369
243858028142
243858027830
243858027316
243858028595
243858028149
243858027186
243858027907
243858027058
243858027280
243858027000
243858028329
243858026765
243858027986
243858028683
243858026904
243858027329
243858027820
243858027757
243858028460
243858027157
243858027380
243858028126
243858027779
243858027837
243858028200
243858027365
243858027881
243858028439
243858028555
243858028380
243858028235
243858027772
243858027373
243858028568
243858027155
243858026997
243858027903
243858027493
243858026924
243858027399
243858028151
243858027041
243858027328
243858028317
243858028562
243858027582
243858027570
243858027241
243858026909
243858028458
243858027446
243858028685
243858027507
243858028487
243858027853
243858028426
243858028443
243858027230
243858027161
243858028433
243858028069
243858028531
243858027579
243858028091
243858028598
243858027023
243858028618
243858028070
243858028315
243858027750
243858027953
243858027844
243858028293
243858028357
243858027951
243858027015
243858027553
243858027818
243858028349
243858028237
243858027176
243858027261
243858027420
243858028061
243858028620
243858027095
243858026836
243858027595
243858026994
243858026832
243858027181
243858026872
243858027519
243858028538
243858028273
243858027231
243858028120
243858027460
243858028209
243858027388
243858028707
243858028230
243858027516
243858026759
243858028669
243858028454
243858027344
243858028523
243858028019
243858027351
243858027455
243858027771
243858028694
243858027367
243858028258
243858028699
243858028268
243858028477
243858028689
243858026890
243858028418
243858028183
243858028177
243858028440
243858028741
243858027147
243858027266
243858027035
243858026932
243858027120
243858027054
243858028338
243858026919
243858028455
243858027733
243858028343
243858028732
243858028026
243858026920
243858027093
243858027997
243858027249
243858028324
243858028190
243858027435
243858027764
243858027601
243858028601
243858028479
243858028638
243858028173
243858028072
243858028144
243858028199
243858028133
243858027383
243858027958
243858028115
243858027053
243858027346
243858027347
243858028342
243858027697
243858027386
243858027814
243858028379
243858027715
243858028220
243858028679
243858027849
243858027233
243858026886
243858026766
243858026772
243858027539
243858027240
243858026914
243858028484
243858026941
243858027652
243858026916
243858028528
243858027217
243858028629
243858028533
243858028385
243858026866
243858026915
243858027361
243858027612
243858028386
243858027040
243858027717
243858027613
243858027666
243858028611
243858028052
243858027948
243858027864
243858026775
243858027284
243858028512
243858027192
243858028541
243858027476
243858028186
243858028716
243858028143
243858028500
243858028643
243858028680
243858027956
243858027163
243858028303
243858028263
243858028535
243858027875
243858028048
243858028021
243858028634
243858028432
243858027924
243858028000
243858028504
243858026804
243858028036
243858028231
243858027135
243858027642
243858027848
243858027312
243858027488
243858028188
243858027687
243858026869
243858027966
243858026784
243858027403
243858028054
243858028009
243858026840
243858027551
243858027802
243858028617
243858028095
243858027111
243858028252
243858028720
243858028482
243858027892
243858028486
243858028011
243858026764
243858027975
243858028101
243858027650
243858027423
243858026934
243858028637
243858027281
243858028719
243858026884
243858027203
243858026925
243858028529
243858028111
243858027960
243858027097
243858027267
243858028653
243858027223
243858028261
243858027742
243858027788
243858028327
243858027827
243858028204
243858027901
243858027436
243858027734
243858027067
243858028059
243858027962
243858027453
243858028229
243858027626
243858026887
243858028447
243858028288
243858026851
243858028625
243858028619
243858028264
243858027667
243858027976
243858028160
243858027521
243858026829
243858027190
243858028717
243858028034
243858027372
243858027807
243858026966
243858027209
243858028553
243858026960
243858027824
243858027497
243858026995
243858028398
243858028743
243858027358
243858027457
243858028488
243858027760
243858026905
243858028214
243858028419
243858026958
243858028605
243858027368
243858028430
243858027199
243858027937
243858027390
243858027263
243858027845
243858028103
243858028022
243858028032
243858027880
243858028402
243858026991
243858027486
243858026796
243858028515
243858027965
243858027865
243858027288
243858028174
243858026895
243858027968
243858027567
243858028378
243858028692
243858027731
243858027671
243858028425
243858028361
243858026885
243858027737
243858028576
243858027004
243858028168
243858028359
243858027376
243858028123
243858027787
243858028065
243858027397
243858027119
243858027566
243858027109
243858028406
243858027492
243858026944
243858027769
243858027030
243858026799
243858027187
243858028347
243858026781
243858028055
243858028411
243858027782
243858027949
243858026893
243858027810
243858028056
243858027580
243858027748
243858027870
243858028179
243858028364
243858027600
243858027557
243858026974
243858027183
243858028544
243858027494
243858028246
243858026860
243858027087
243858027150
243858028290
243858028509
243858028431
243858027673
243858026931
243858027725
243858028551
243858028376
243858027637
243858027178
243858028221
243858028600
243858027897
243858026824
243858028057
243858028434
243858028469
243858027140
243858028631
243858027899
243858026820
243858028590
243858028492
243858026876
243858027096
243858028726
243858027914
243858026825
243858027197
243858028003
243858026758
243858028306
243858028438
243858028579
243858026845
243858026852
243858027449
243858027514
243858027189
243858028499
243858028646
243858028387
243858026957
243858028203
243858027835
243858027433
243858028465
243858027473
243858028697
243858027106
243858028558
243858028296
243858026843
243858027182
243858027445
243858027470
243858026831
243858027441
243858026946
243858028589
243858027237
243858028698
243858027959
243858027466
243858027272
243858026956
243858027767
243858027800
243858028250
243858027456
243858027007
243858028393
243858028682
243858028066
243858027527
243858028255
243858028453
243858027745
243858026752
243858026996
243858028073
243858027382
243858027405
243858027426
243858026771
243858028552
243858027936
243858028002
243858026760
243858028412
243858028331
243858027412
243858027884
243858028044
243858028709
243858028371
243858027559
243858027317
243858027727
243858026806
243858027894
243858028456
243858028058
243858027512
243858028161
243858027832
243858028645
243858027170
243858028243
243858028607
243858027259
243858028445
243858027793
243858027009
243858027113
243858027391
243858028471
243858028355
243858027817
243858028428
243858027608
243858027360
243858026981
243858027255
243858027429
243858028621
243858028297
243858027037
243858026903
243858028532
243858027200
243858027790
243858027721
243858028704
243858028649
243858028248
243858028308
243858028636
243858028395
243858028102
243858027509
243858027164
243858028739
243858028212
243858028708
243858027022
243858026792
243858027100
243858028608
243858028007
243858027083
243858028429
243858026889
243858028257
243858027926
243858027883
243858027294
243858026988
243858028570
243858027268
243858028681
243858026858
243858027005
243858027065
243858027362
243858028392
243858028148
243858028339
243858027645
243858028064
243858028567
243858027172
243858027828
243858027025
243858028610
243858028227
243858026854
243858027086
243858028020
243858028321
243858027847
243858026978
243858028731
243858027841
243858027398
243858026847
243858027858
243858026883
243858028267
243858028662
243858028078
243858027043
243858027622
243858027138
243858026797
243858028351
243858028481
243858028106
243858028586
243858027291
243858028079
243858026949
243858028742
243858027487
243858027916
243858027198
243858027754
243858027518
243858028040
243858027696
243858027594
243858027127
243858026898
243858027461
243858028435
243858027624
243858027154
243858027279
243858028100
243858027711
243858026896
243858028050
243858027142
243858027724
243858027017
243858027495
243858027168
243858028744
243858027016
243858028360
243858028005
243858027662
243858027605
243858027819
243858026910
243858027541
243858028612
243858027107
243858027504
243858026913
243858028162
243858028027
243858026959
243858028335
243858027610
243858027532
243858028105
243858027202
243858028565
243858027081
243858028077
243858027359
243858026780
243858028116
243858028365
243858028124
243858028323
243858027868
243858028016
243858026897
243858027105
243858027408
243858027732
243858027563
243858028033
243858027647
243858027491
243858028233
243858028642
243858028650
243858027084
243858027136
243858026835
243858027451
243858027171
243858027554
243858027173
243858027162
243858027658
243858027277
243858027250
243858027195
243858027656
243858028110
243858027942
243858027447
243858028461
243858027014
243858028097
243858026906
243858027812
243858026808
243858027535
243858027243
243858028253
243858027307
243858027992
243858028175
243858027340
243858026952
243858026875
243858028012
243858027929
243858028450
243858028337
243858027464
243858027322
243858028540
243858027846
243858027740
243858028559
243858027692
243858026929
243858027735
243858027752
243858028676
243858028688
243858027350
243858027254
243858027418
243858028674
243858028748
243858027393
243858027578
243858027568
243858028247
243858028497
243858027705
243858027239
243858027160
243858027700
243858027542
243858028189
243858028730
243858027437
243858028087
243858027776
243858027377
243858028301
243858027126
243858027442
243858027115
243858027070
243858026841
243858028086
243858028721
243858027719
243858028547
243858027684
243858026948
243858028659
243858027342
243858028358
243858028459
243858028245
243858028226
243858028080
243858027904
243858027270
243858028112
243858027690
243858028017
243858026877
243858027506
243858026986
243858028747
243858028269
243858027256
243858027920
243858027110
243858027104
243858027422
243858028401
243858028573
243858027878
243858028476
243858028277
243858028490
243858026857
243858028516
243858028626
243858027211
243858026864
243858027890
243858028163
243858027480
243858027484
243858027411
243858027149
243858026954
243858028382
243858027304
243858026791
243858028441
243858028578
243858028677
243858027714
243858026874
243858026880
243858027989
243858028474
243858027786
243858027490
243858027238
243858027208
243858027544
243858027634
243858027691
243858027478
243858026782
243858027781
243858027401
243858027702
243858027583
243858028039
243858027505
243858027934
243858028511
243858027321
243858026912
243858028648
243858027489
243858026964
243858027537
243858027069
243858026908
243858027993
243858028137
243858028076
243858027778
243858028165
243858027404
243858027335
243858026982
243858027813
243858027286
243858028062
243858027770
243858027708
243858028597
243858027274
243858027320
243858028256
243858027981
243858027723
243858027707
243858028265
243858027801
243858027688
243858027072
243858028171
243858027354
243858027159
243858027874
243858028094
243858027970
243858028138
243858028508
243858026795
243858027834
243858027331
243858028146
243858027057
243858028275
243858026917
243858027854
243858028675
243858028239
243858027013
243858028155
243858027201
243858027003
243858027215
243858028164
243858028525
243858027791
243858026815
243858028539
243858026879
243858027332
243858028457
243858028314
243858027357
243858027094
243858028690
243858027216
243858027980
243858027857
243858027766
243858027166
243858027971
243858027550
243858027523
243858028574
243858027375
243858027221
243858026865
243858027184
243858028156
243858028299
243858026821
243858028283
243858027984
243858027229
243858027816
243858028700
243858028131
243858027863
243858027027
243858027998
243858028084
243858028010
243858026789
243858028353
243858027636
243858027873
243858028332
243858028092
243858027062
243858026811
243858027165
243858027131
243858026951
243858027804
243858026787
243858027427
243858027188
243858027298
243858027950
243858027973
243858028211
243858028305
243858027425
243858028623
243858026809
243858028176
243858027075
243858028738
243858028489
243858028289
243858027128
243858027210
243858027712
243858028400
243858028606
243858028671
243858028089
243858027630
243858028587
243858028624
243858027522
243858026971
243858027680
243858027024
243858028569
243858027011
243858028542
243858027424
243858027943
243858026768
243858028734
243858027862
243858028467
243858028534
243858026850
243858026833
243858028154
243858028480
243858027234
243858028234
243858027251
243858027618
243858026972
243858027468
243858027653
243858027185
243858027856
243858028414
243858026918
243858027643
243858027099
243858028381
243858026907
243858027305
243858028119
243858028583
243858027050
243858026894
243858028312
243858027339
243858027463
243858026947
243858026901
243858027310
243858026800
243858026867
243858027648
243858027524
243858027625
243858028548
243858027103
243858027300
243858027499
243858028117
243858027196
243858027961
243858027882
243858027674
243858027560
243858028181
243858027794
243858027295
243858028396
243858026933
243858027308
243858027954
243858028436
243858027902
243858027001
243858028750
243858028006
243858027860
243858026983
243858028224
243858027919
243858026783
243858027565
243858028206
243858027194
243858026973
243858027872
243858026769
243858027676
243858028350
243858028109
243858027821
243858026870
243858028712
243858027569
243858027718
243858028466
243858028705
243858027175
243858028348
243858026902
243858026868
243858027629
243858026838
243858028302
243858028213
243858027145
243858027577
243858027686
243858028561
243858027129
243858027768
243858027947
243858027927
243858027485
243858027710
243858028282
243858027421
243858027531
243858028657
243858028520
243858027614
243858028390
243858027898
243858028025
243858028232
243858027587
243858028710
243858028564
243858027964
243858028751
243858028416
243858028749
243858028356
243858028449
243858027141
243858028691
243858028180
243858028745
243858028139
243858026786
243858027102
243858028711
243858027885
243858028159
243858027314
243858027635
243858028370
243858028526
243858028701
243858027262
243858028074
243858028210
243858028169
243858027220
243858027900
243858027400
243858027866
243858028366
243858028728
243858027784
243858028407
243858028557
243858027657
243858027805
243858028517
243858026922
243858027850
243858028656
243858027448
243858026856
243858026953
243858028244
243858027852
243858027117
243858027496
243858027431
243858028714
243858028437
243858028593
243858027071
243858028654
243858026798
243858027996
243858027896
243858027659
243858028014
243858027945
243858028320
243858027728
243858028491
243858026937
243858027921
243858028369
243858027213
243858027928
243858027409
243858028029
243858027785
243858027483
243858027869
243858027638
243858027479
243858027219
243858026882
243858026970
243858028145
243858026935
243858028047
243858027406
243858028391
243858028493
243858027669
243858028582
243858027694
243858028118
243858026940
243858027836
243858027525
243858026980
243858028363
243858026762
243858027972
243858027796
243858027543
243858027576
243858026969
243858026892
243858028575
243858026754
243858026785
243858028192
243858027584
243858028307
243858027917
243858028217
243858028292
243858027994
243858027985
243858028729
243858028278
243858027289
243858027517
243858026778
243858027303
243858028448
243858028635
243858027607
243858027064
243858028340
243858026989
243858028309
243858027253
243858027589
243858027341
243858026999
243858027891
243858028670
243858028208
243858028417
243858027038
243858028424
243858026810
243858028599
243858027179
243858026805
243858027056
243858028113
243858027798
243858028566
243858028384
243858026816
243858027765
243858027831
243858027363
243858028641
243858028596
243858026848
243858027682
243858027121
243858027851
243858027908
243858027699
243858027034
243858027640
243858028695
243858028328
243858026878
243858026817
243858027018
243858026801
243858027450
243858028330
243858028485
243858027706
243858027933
243858028083
243858027212
243858027596
243858027108
243858028107
243858027338
243858027118
243858026930
243858027292
243858027006
243858028202
243858027336
243858027730
243858027588
243858026790
243858028287
243858028081
243858027073
243858027606
243858027323
243858028099
243858027726
243858028132
243858028580
243858028609
243858027389
243858027296
243858027736
243858027533
243858027549
243858028300
243858027510
243858028627
243858027228
243858027282
243858027922
243858027528
243858028108
243858027285
243858028422
243858028668
243858026962
243858028096
243858027394
243858027590
243858027751
243858027031
243858026921
243858028222
243858028374
243858027720
243858028737
243858027153
243858027290
243858027515
243858027729
243858027677
243858028451
243858028696
243858028591
243858027152
243858027498
243858027879
243858027090
243858027534
243858028018
243858027337
243858027558
243858027012
243858028125
243858027840
243858028666
243858028310
243858028196
243858027910
243858028502
243858027759
243858028613
243858026987
243858027076
243858027704
243858026834
243858027392
243858027703
243858028633
243858027218
243858027137
243858027743
243858026767
243858027242
243858027530
243858028028
243858027738
243858028093
243858026813
243858027156
243858027957
243858027459
243858028242
243858028088
243858028238
243858028254
243858026965
243858028071
243858027675
243858027416
243858028325
243858027906
243858028271
243858028394
243858028614
243858027502
243858027815
243858027655
243858027939
243858028345
243858028505
243858027379
243858027547
243858027617
243858027562
243858027739
243858027744
243858028736
243858028225
243858027396
243858028687
243858027500
243858028284
243858027670
243858027679
243858028130
243858028298
243858027842
243858028473
243858028673
243858028389
243858027148
243858028157
243858026926
243858028216
243858027247
243858028140
243858027271
243858027615
243858027204
243858028423
243858028013
243858028735
243858027602
243858026976
243858027019
243858028375
243858028182
243858027660
243858027572
243858027803
243858028501
243858028536
243858027701
243858027378
243858028191
243858027098
243858028549
243858027538
243858026822
243858027002
243858027713
243858027938
243858027008
243858027915
243858027999
243858028274
243858028215
243858027545
243858027556
243858027139
243858028521
243858026842
243858028336
243858028127
243858027467
243858027348
243858027432
243858027672
243858028399
243858027315
243858027861
243858027306
243858028427
243858027503
243858028030
243858028585
243858026776
243858027130
243858026793
243858027855
243858028262
243858027235
243858027051
243858027631
243858028122
243858027374
243858028514
243858028266
243858028281
243858027681
243858028408
243858027859
243858027077
243858028405
243858026812
243858027366
243858027599
243858028537
243858028172
243858028554
243858028295
243858027273
243858027158
243858027355
243858027477
243858028550
243858028577
243858028043
243858027555
243858028556
243858028494
243858028658
243858028706
243858028280
243858028718
243858027783
243858027761
243858026853
243858027395
243858027592
243858028167
243858027387
243858028506
243858027923
243858027078
243858027246
243858027180
243858028703
243858026823
243858027597
243858028207
243858027977
243858028035
243858026788
243858027248
243858028702
243858028409
243858026770
243858026942
243858027641
243858027020
243858028046
243858027143
243858027952
243858027581
243858028452
243858027799
243858028572
243858027174
243858027440
243858026846
243858028684
243858027092
243858027623
243858028152
243858028727
243858026807
243858027112
243858028403
243858028367
243858026839
243858027749
243858028518
243858028008
243858027245
243858027252
243858027474
243858027349
243858027469
243858028622
243858027042
243858026985
243858027415
243858028740
243858028326
243858028001
243858027755
243858027593
243858027792
243858027028
243858028045
243858027693
243858027789
243858027297
243858027049
243858028510
243858026955
243858027633
243858028279
243858027080
243858027458
243858027561
243858027287
243858028647
243858027632
243858027644
243858027529
243858028240
243858028594
243858026977
243858027454
243858026777
243858028341