50942071083
50942071957
50942072034
50942072315
50942072918
50942073001
50942073150
50942073763
50942074916
50942075720
50942075875
50942077362
50942079253
50942079583
50942079998
50942080696
50942081038
50942083162
50942083558
50942083608
50942084118
50942085046
50942085066
50942086022
50942087315
50942088883
50942088929
50942089418
50942089522
50942091849
50942095094
50942096013
50942097809
50942100320
50942100726
50942101613
50942101897
50942102483
50942105428
50942106313
50942106906
50942107765
50942107841
50942108098
50942108274
50942108582
50942109296
50942110147
50942110460
50942110495
50942110584
50942111289
50942111405
50942111560
50942112193
50942113271
50942113647
50942114147
50942115098
50942115259
50942116205
50942116505
50942116757
50942116909
50942117213
50942119076
50942119414
50942119562
50942120464
50942120675
50942121178
50942121184
50942121347
50942122501
50942123147
50942123556
50942124342
50942125570
50942125733
50942126199
50942126734
50942126883
50942127486
50942128204
50942128396
50942129322
50942129757
50942130664
50942130773
50942132155
50942132361
50942132720
50942133320
50942133936
50942134484
50942134512
50942134669
50942134791
50942136317
50942136675
50942137964
50942138284
50942138554
50942138590
50942138885
50942139255
50942139256
50942139280
50942139543
50942139650
50942139669
50942140215
50942140389
50942141541
50942141895
50942142540
50942143057
50942144247
50942144665
50942146799
50942152072
50942153180
50942154178
50942154342
50942155684
50942155762
50942155799
50942155898
50942156065
50942156575
50942157115
50942157689
50942157979
50942158163
50942159019
50942160609
50942160803
50942160895
50942161223
50942162438
50942165056
50942165262
50942166287
50942166604
50942166680
50942166914
50942166922
50942167276
50942168448
50942168800
50942169533
50942170136
50942170412
50942171760
50942171877
50942172246
50942172323
50942172325
50942172645
50942173371
50942174030
50942175439
50942177100
50942177510
50942177769
50942182188
50942182391
50942184598
50942184833
50942186175
50942186502
50942186974
50942189507
50942190440
50942191135
50942192212
50942192613
50942193142
50942193959
50942194333
50942194582
50942196239
50942197162
50942198714
50942198789
50942199909
50942202308
50942202772
50942204326
50942205265
50942205413
50942206285
50942207939
50942208431
50942209582
50942210058
50942211223
50942211597
50942216137
50942216798
50942217142
50942218902
50942219511
50942219538
50942220299
50942221022
50942221585
50942221696
50942222665
50942223509
50942224192
50942224253
50942224464
50942224744
50942224948
50942225339
50942225393
50942225591
50942226719
50942229841
50942230625
50942234147
50942235449
50942235641
50942235759
50942236331
50942236430
50942236545
50942236649
50942236711
50942238149
50942238345
50942238493
50942238809
50942239168
50942239435
50942239574
50942239618
50942240896
50942240998
50942241523
50942242044
50942242136
50942242990
50942244673
50942245038
50942245511
50942245699
50942246179
50942246993
50942247392
50942247892
50942248017
50942249195
50942249341
50942249646
50942249743
50942250421
50942250725
50942252108
50942252982
50942253616
50942253708
50942255688
50942256382
50942256957
50942257347
50942259056
50942259486
50942259823
50942260276
50942261883
50942262005
50942262214
50942262766
50942263754
50942263826
50942264071
50942265157
50942265350
50942266469
50942266783
50942267860
50942268895
50942269281
50942270395
50942271605
50942272346
50942272375
50942273171
50942273190
50942275451
50942276137
50942276884
50942277644
50942278408
50942279807
50942280141
50942280803
50942280833
50942281193
50942281907
50942282508
50942284112
50942284321
50942284526
50942286763
50942287889
50942288333
50942288497
50942288581
50942288855
50942290012
50942290132
50942290609
50942291372
50942291421
50942291997
50942293026
50942293240
50942294190
50942294429
50942294770
50942295707
50942295883
50942296520
50942297372
50942297576
50942298208
50942299280
50942300011
50942301036
50942301287
50942302603
50942303991
50942304146
50942307547
50942307905
50942309031
50942310614
50942312086
50942312974
50942313535
50942313613
50942313666
50942314093
50942316136
50942316610
50942317611
50942317854