62881010011916
62881010020680
62881010031458
62881010044777
62881010070633
62881010099582
62881010109908
62881010147875
62881010148047
62881010149497
62881010215352
62881010223130
62881010239387
62881010265627
62881010284120
62881010296794
62881010351042
62881010351065
62881010401438
62881010415292
62881010489498
62881010500655
62881010529250
62881010533316
62881010566042
62881010579909
62881010610448
62881010611823
62881010627852
62881010672149
62881010711419
62881010734695
62881010860673
62881010870323
62881010881724
62881010889105
62881010892021
62881010919478
62881010926475
62881010935403
62881010984864
62881010999683
62881011001805
62881011009032
62881011031461
62881011031648
62881011037867
62881011043877
62881011086682
62881011092224
62881011102016
62881011157995
62881011191155
62881011238914
62881011307708
62881011321894
62881011326719
62881011448191
62881011496024
62881011508499
62881011520866
62881011520967
62881011552105
62881011559474
62881011583282
62881011588361
62881011687023
62881011690686
62881011750588
62881011761030
62881011764431
62881011773589
62881011774571
62881011882703
62881011924705
62881011944258
62881011960011
62881012005721
62881012030511
62881012062821
62881012097600
62881012115971
62881012134591
62881012145599
62881012148359
62881012165181
62881012171896
62881012175587
62881012197715
6288101221112
62881012221898
62881012226479
62881012315131
62881012322042
62881012328343
62881012341335
62881012362315
62881012368730
62881012395322
62881012396321
6288101240791
62881012410302
62881012467425
62881012485010
62881012512851
62881012537569
62881012540417
62881012613879
62881012614317
62881012663108
62881012757920
62881012766094
62881012810955
62881012821719
62881012866483
62881012867145
62881012927704
62881012948897
62881012954552
62881012980670
62881012996939
62881022019771
62881022060430
62881022067324
62881022074016
62881022085256
62881022086696
62881022139964
62881022157715
62881022170195
62881022186605
62881022199645
62881022221733
62881022234917
62881022250737
62881022295624
62881022324594
62881022336014
62881022342745
62881022364440
62881022476544
62881022482844
62881022506112
62881022523916
62881022663847
62881022685868
62881022691877
62881022701033
62881022707900
62881022780559
62881022926732
62881023021116
62881023074843
62881023115671
62881023162089
62881023176404
62881023311305
62881023326592
62881023427091
62881023441074
62881023595904
62881023631797
62881023715333
62881023776579
62881023797612
62881023801757
62881023838737
62881023853568
62881023930799
62881024021135
62881024050718
62881024068881
62881024068980
62881024072228
62881024100627
62881024118068
62881024152131
62881024174011
62881024178842
62881024179744
62881024181070
62881024202073
62881024227989
62881024234578
62881024315185
62881024328225
62881024330292
62881024386132
62881024404455
62881024409121
62881024415311
62881024482831
62881024514746
62881024528385
62881024609379
62881024615549
62881024624701
62881024629323
62881024664524
62881024664536
62881024712418
62881024727268
62881024737622
62881024740342
62881024774931
62881024801245
62881024837970
62881024845862
62881024866952
62881024870059
6288102487006
62881024926739
62881024929547
62881024941268
62881024949037
62881025060159
62881025065241
62881025075325
62881025145425
62881025147819
62881025201244
62881025204467
62881025211914
62881025249515
62881025257615
62881025267691
6288102528117
62881025283677
62881025286095
62881025332282
62881025332741
62881025336210
62881025341471
62881025364170
62881025380868
62881025387212
62881025395302
62881025405604
62881025408062
62881025445888
62881025477919
62881025484441
62881025545570
62881025575463
62881025582033
62881025582096
62881025584686
62881025603706
62881025626528
62881025637291
62881025637528
62881025665778
62881025671474
62881025680936
62881025708657
62881025712625
62881025726636
62881025732112
62881025733871
62881025763198
62881025817943
62881025834521
62881025846499
62881025850309
62881025960456
62881025997337
62881026037918
62881026069880
62881026069917
62881026083284
62881026093560
62881026113645
62881026137282
62881026150166
62881026249649
62881026260714
62881026301040
62881026313575
62881026335694
62881026368454
62881026415589
62881026421852
62881026430715
62881026486651
62881026521501
62881026530074
62881026536376
62881026547729
62881026580653
62881026598876
6288102668256
62881026696121
62881026701172
62881026734108
62881026754629
62881026771519
62881026782046
62881026782879
62881026811942
62881026812550
62881026830055
62881026838623
62881026845398
62881026846828
62881026877852
62881026908281
62881026969839
62881026979412
62881026995788
62881027024449
62881027046202
62881027048303
62881027085563
62881027097884
62881027128670
62881027128699
6288102714389
62881027147171
62881027153846
62881027178382
62881027179859
62881027198414
62881027212540
62881027217553
62881027224720
62881027226637
62881027229102
62881027230373
62881027234259
62881027244047
62881027245236
62881027272257
62881027370077
62881027373860
62881027390220
62881027405793
62881027408141
62881027415066
62881027432570
62881027439231
62881027450822
62881027464432
62881027500374
62881027529180
62881027561312
62881027568536
62881027596197
62881027601003
62881027640631
62881027662022
62881027706115
62881027737076
62881027748661
62881027766568
62881027800642
62881027805863
62881027836327
62881027840323
62881027909193
62881027936439
62881036001283
62881036007462
62881036031171
62881036055298
62881036100724
62881036125109
62881036130089
62881036132235
62881036140275
62881036194810
62881036269496
62881036318144
62881036381977
62881036464615
62881036469897
62881036499473
62881036540516
62881036577848
62881036588112
62881036589198
62881036615923
62881036663431
62881036688049
62881036706806
62881036713765
62881036723791
62881036725418
62881036731496
62881036806070
62881036810569
62881036841691
62881036873731
62881036874346
62881036915850
62881036924614
62881036927918
62881036933283
62881036937779
62881036943911
62881036950724
62881036952448
62881036957801
62881036964018
62881036994896
62881037054858
62881037063566
62881037100496
62881037110733
62881037174386
62881037188385
62881037215511
62881037257055
62881037260823
62881037318105
62881037392865
62881037426624
62881037506823
62881037508255
62881037516506
62881037518900
62881037533967
62881037546603
62881037586948
62881037603492
62881037627316
62881037647693
62881037720947
62881037743530
62881037755011
62881037984059
62881037987163
62881038034728
62881038050787
62881038068697
62881038085247
62881038100361
62881038141003
62881038147774
62881038149009
62881038249139
62881038265972
62881038268087
62881038290459
62881038316691
62881038317453
62881038346038
62881038419661
62881038459963
62881038464841
62881080260786
62881080266593
62881080559166
62881080666666
62881080704945
62881080712341
62881080712390
62881080713875
628811005887
628811012267
628811019835
628811054640
628811069944
628811076707
628811097980
628811278387
628811280903
628811299836
628811303819
628811315018
628811328096
628811343150
628811474704
628811513804
628811611987
628811641902
628811661077
628811670480
628811674690
628811679896
628811719106
628811733740
628811743589
628811749197
628811755105
628811781070
628811809578
628811902520
628811917978
628811985085
628812202793
628812235742
628812250246
628812267495
628812303689
628812308343
628812318427
628812331902
628812337751
628812456496
628812543205
628812653416
628812657525
628812738566
628812740452
628812764006
628812794240
628812829980
628812886412
628812902015
628812965833
628812992025
628813010655
628813097132
628813127463
628813133938
628813141359
628813151845
628813180193
628813180475
628813182265
628813230854
628813290147
628813297928
628813319405
628813349106
628813375727
628813491225
628813531230
628813540636
628813554609
628813556353
628813596788
628813709462
628813728433
628813732840
628813735647
628813834208
628813852078
628813915858
628813962584
628813970865
628814004928
628814011090
628814063940
628814075694
628814082922
628814096258
628814097589
628814388386
628814502117
628814587913
628814921698
628814943640
628814943890
628814958969
628814994023
628815022695
628815032054
628815039014
628815063482
628815086050
628815086575
628815123766
628815155299
628815181722
628815186830
628815213846
628815340806
628815378468
628815435136
628815439143
628815488954
628815512325
628815576108
628815586380
628815617535
628815639260
628815644861
628815651109
628815652048
628815671284
628815675632
628815705265
628815722826
628815745340
628815772180
628815772696
628815784699
628815834484
628815867765
628815869510
628815872094
628815896903
628815919732
628815927301
628815941792
628815950412
628816004785
628816038677
628816085682
628816089495
628816113214
628816115449
628816155018
628816201807
628816204737
628816214719
628816223972
628816228757
628816286349
628816298497
628816299575
628816321588
628816325311
628816327406
628816327683
628816334396
628816340886
628816350205
628816352042
628816362981
628816363266
628816373274
628816382118
628816384993
628816389909
628816390604
628816394289
628816422753
628816519989
628816540185
628816567953
628816652676
628816653042
628816718389
628816718843
628816727640
628816887177
628816904379
628816923180
628816930349
628816949766
628816982510
628816982939
628816993936
628816994065
628817009134
628817009276
628817012990
628817013155
628817019882
628817032921
628817047191
628817047255
628817047688
628817058659
628817082044
628817086076
628817087446
628817091067
628817093942
628817094876
628817096683
628817096793
628817099085
628817103201
628817134623
628817135459
628817136158
628817137133
628817187813
628817198501
628817199253
628817270958
628817366443
628817367045
628817408219
628817511449
628817515085
628817540264
628817611835
628817621885
628817636186
628817651590
628817681736
628817682982
628817691502
628817724185
628817796495
628817869311
628817890506
628817900966
628817908161
628817908501
628817934620
628817939030
628817939621
628817964206
628817977393
628818000854
628818002749
628818006147
628818204062
628818209679
628818238721
628818257978
628818263973
628818296145
628818468946
628818513180
628818523143
628818529701
628818564817
628818618195
628818624201
628818647097
628818673561
6288187090660
628818793609
628818847607
628819016406
628819573740
628819988524
62882000001097
62882000030867
62882000034887
62882000040881
62882000043647
62882000052315
62882000059074
62882000067856
62882000073439
62882000078500
62882000095382
62882000096331
62882000100991
62882000103269
62882000115900
62882000121291
62882000126663
62882000132870
62882000134722
62882000140856
62882000142874
62882000154642
62882000157780
62882000162642
62882000172204
62882000183304
62882000184691
62882000191381
62882000271183
62882000275708
62882000277367
62882000298668
62882000299897
62882000308715
62882000311800
62882000337242
62882000410244
62882000410276
62882000415951
62882000416186
62882000433832
62882000437449
62882000445027
62882000449345
62882000454675
62882000466819
62882000473798
62882000476568
62882000477258
62882000478353
62882000479665
6288200048944
62882000493885
62882000495065
62882000495114
62882000495158
62882000503679
62882000506867
62882000511915
62882000513298
62882000526263
62882000527050
62882000529366
62882000555916
62882000556370
62882000570066
62882000573341
62882000573987
62882000619874
62882000642414
62882000710050
62882000769107
62882000931470
62882000949148
62882000985014
62882001115377
6288200121433
62882001216000
62882001229379
62882001254627
62882001312383
62882001320139
62882001321112
62882001413169
62882001561824
62882001749316
62882001754118
62882001754133
62882001754567
62882001839119
62882001866741
62882001881600
62882001900586
62882001964265
62882001987702
62882002120738
62882002153131
62882002340405
62882002364658
62882002529967
62882002670685
62882002983117
62882003005700
62882003019117
62882003041879
62882003042300
62882003057525
62882003067363
62882003073524
62882003097662
62882003105087
62882003121574
62882003134707
62882003206395
62882003248204
62882003338244
62882003368042
62882003374051
62882003374991
62882003382252
62882003401280
62882003441290
62882003471623
62882003477364
62882003484188
62882003562232
62882003569177
62882003571049
62882003601643
62882003607129
62882003614022
62882003615420
62882003622934
62882003636859
62882003673762
62882003737459
62882003786578
62882003811908
62882003820934
62882003931616
62882003937961
62882003994389
62882005004742
62882005011961
62882005041301
62882005050247
62882005051446
62882005063427
62882005064658
62882005067880
62882005083528
62882005088631
62882005091981
62882005093794
62882005100694
62882005131548
62882005140871
62882005142761
62882005170156
62882005172577
62882005184037
62882005218768
62882005239515
62882005250109
62882005261437
62882005261850
62882005325519
62882005328993
62882005335964
62882005347910
62882005367003
62882005382957
62882005404200
62882005418329
62882005477518
62882005497098
62882005504092
62882005508124
62882005556133
62882005579717
62882005585318
62882005593520
62882005632431
62882005658846
62882005673579
62882005698112
62882005721201
62882005721203
62882005724964
62882005754232
62882005758279
62882005771028
62882005772548
62882005816703
62882005834932
62882005837613
62882005878734
62882005916871
62882005920671
62882005924710
62882005928690
62882005946541
62882005961572
62882005969346
62882006013412
62882006020527
62882006032988
62882006061445
62882006064788
62882006079232
62882006086894
62882006130381
62882006140318
62882006156004
62882006161983
62882006230457
62882006234459
62882006285309
62882006287483
62882006287655
62882006330937
62882006340403
62882006365455
62882006366399
62882006370026
62882006370339
62882006413812
62882006427151
62882006466948
62882006469395
62882006538260
62882006554460
62882006569492
62882006585365
62882006597007
62882006614122
62882006622092
62882006639193
62882006662674
62882006663550
62882006678386
62882006687053
62882006720131
62882006733950
62882006746429
62882006768862
62882006790948
62882006842489
62882006844195
62882006847327
62882006879193
62882006879377
62882006882280
62882006912938
62882006929826
62882006955004
62882006993061
62882007021965
62882007064497
62882007081116
62882007089651
62882007169249
62882007182158
62882007256619
62882007257707
62882007301698
62882007305861
62882007327627
62882007337380
62882007340455
62882007355629
62882007360845
62882007393968
62882007448916
62882007477761
62882007494491
62882007509117
62882007511520
62882007532007
62882007591134
62882007615265
62882007616468
62882007650347
62882007662443
62882007669042
62882007697825
62882007699540
62882007701543
62882007710420
62882007756188
62882007793555
62882007808914
62882007808917
62882007810288
62882007813471
62882007818474
62882007822461
6288200782937
62882007850903
62882007857028
62882007866255
62882007880243
62882007880935
62882007881773
62882007919896
62882007940846
62882007947121
62882007957850
62882007972587
62882007975733
62882007976341
62882007976381
62882008009458
62882008017960
62882008051000
62882008055607
62882008057790
62882008063254
62882008097885
6288200813423
62882008153070
62882008204117
62882008226134
62882008268865
62882008282757
6288200828500
62882008288727
62882008289775
62882008304626
62882008329389
62882008339234
62882008343897
62882008386863
62882008401503
62882008424906
62882008461495
62882008552862
62882008619348
62882008676210
62882008769891
62882008852389
62882008907000
62882008979452
62882009035563
62882009063540
62882009197620
62882009727266
62882010130065
62882010138201
62882010339725
62882010383877
62882010409213
62882015190665
62882015191853
6288201521135
62882015242930
62882015307722
62882015370829
62882015481154
62882015539364
62882015632501
62882015667659
62882015668795
62882015673666
62882015727817
62882015750620
62882015809515
62882015812828
62882015834568
62882015854360
62882015952606
62882016010739
62882016068868
62882016103015
62882016126900
62882016151904
62882016177483
62882016177504
62882016190505
62882016197994
62882016202817
62882016281090
62882016320245
62882016348186
62882016356488
62882016401776
62882016417794
62882016440313
62882016470842
62882016483170
62882016537903
62882016573104
62882016615868
62882016684176
62882016693584
62882016713806
62882016784872
62882016805040
62882016808689
62882016884350
62882016895280
62882016907913
62882016946665
62882016981137
62882017150658
62882017280268
62882017282576
62882017482029
62882017496579
62882017503534
62882017517148
62882017554064
62882017586016
62882017610034
62882017624117
62882017672408
62882017714385
62882017720500
62882017762483
62882017763584
62882017770447
62882017779671
62882017786015
62882017802373
62882017862811
62882017935307
62882017945727
62882018021442
62882018049944
62882018055421
62882018060150
62882018064061
62882018086338
62882018090143
62882018242228
62882018316032
62882019089350
62882019110648
62882019178136
62882019194414
62882019233643
62882019258621
62882019332948
62882019425852
62882019427080
62882019442494
62882019471324
62882019482295
62882019586585
62882019643226
62882019661616
62882019667097
62882019677150
62882019722646
62882019789614
62882019860691
62882019895587
62882019912653
62882019915437
62882019929082
62882019975881
62882020011071
62882020036864
62882020056949
62882020077901
62882020123239
62882020141575
62882020207190
62882020266827
62882020316276
62882020333316
62882020340027
62882020343883
62882020363957
62882020407233
62882020458016
62882020463559
62882020488901
62882020490104
62882020519723
62882020542935
62882020569122
62882020571975
62882020582093
62882020697377
62882020745286
62882020749950
62882020859589
62882020863179
62882020914029
62882020946241
62882020948696
62882020970020
62882020978076
62882021097572
62882021106349
62882021133301
62882021137142
62882021137145
62882021138601
62882021205317
62882021226574
62882021283493
62882021289833
62882021295213
62882021314338
62882021351614
62882021398792
62882021399634
62882021426465
62882021426908
62882021439119
62882021456058
62882021457237
62882021502159
62882021553796
62882021571284
62882021576965
62882021581448
62882021584499
62882021584500
62882021724030
62882021736274
62882021761368
62882021799918
62882021850199
62882021942643
62882021992057
62882021993042
62882022027504
62882022040648
62882022048433
62882022098119
62882022105914
62882022163688
62882022233531
62882022295780
62882022309178
62882022313619
62882022319296
62882022330973
62882022334359
62882022335735
62882022381931
62882022405719
62882022410778
62882022503701
62882022511608
62882022521835
62882022569309
6288202258271
62882022593701
62882022607528
62882022633818
62882022660760
62882022682100
62882022687347
62882022690766
62882022714202
62882022745504
62882022751688
62882022804231
62882022842816
62882022848697
62882022885295
62882022902479
62882022913600
62882022914006
6288203997429
6288210050111
6288210053570
6288210056879
6288210109790
6288210197087
6288210227226
6288210232855
6288210323501
6288210337030
6288210378244
6288210491206
6288210528712
6288210571788
6288210573738
6288210583678
6288210607526
6288210613687
6288210694501
6288210716560
6288210750095
6288210750369
6288210750476
6288210776443
6288210876202
6288210879393
6288210915454
6288210921796
6288210990892
6288210996505
6288211062821
6288211092914
6288211101060
6288211112734
6288211139957
6288211193821
6288211226330
6288211239401
6288211242947
6288211245942
6288211262531
6288211302237
6288211381147
6288211417104
6288211459127
6288211464701
628821150510
6288211613203
6288211613425
6288211649751
6288211661818
6288211664475
6288211664888
6288211674691
6288211680247
6288211680281
6288211730200
6288211750253
6288211751397
6288211754947
6288211836947
6288211841233
6288211845590
6288211868500
6288211888062
6288211895404
6288211983349
6288212025724
6288212027350
6288212031739
6288212076291
6288212078699
6288212086455
6288212087868
6288212088691
6288212088741
6288212089071
6288212116030
6288212139495
6288212141646
6288212152758
6288212166060
6288212187556
6288212234003
6288212244250
6288212267211
6288212286210
6288212302931
6288212345608
6288212383320
6288212421097
6288212428722
6288212432084
6288212455718
6288212476993
6288212480478
6288212489396
6288212499366
6288212504543
6288212525837
6288212609890
6288212632364
6288212664331
6288212689094
6288212698940
6288212717823
6288212757934
6288212767096
6288212876642
6288212886328
6288212959209
6288213067759
6288213086314
6288213214225
6288213326037
6288213685953
6288213731800
6288213731989
6288213735959
6288213748928
6288213750369
6288213779987
6288213792316
6288213810546
6288213819723
6288213821544
6288213835008
6288213866274
6288213879420
6288213973587
6288213976827
6288214026592
6288214028091
6288214047418
6288214048188
6288214074079
6288214082245
6288214084669
6288214086448
6288214100113
6288214107265
6288214118348
6288214147904
6288214154305
6288214161352
6288214168526
6288214179082
6288214179750
6288214185375
6288214518619
6288214582228
6288214807875
6288214831147
6288215072629
6288215106647
6288215230513
6288215260418
6288215387912
6288215436025
6288215494289
6288215525655
6288215536642
6288215654843
6288215794750
6288215957462
6288216040082
6288216181285
6288216201722
6288216427464
6288216467511
6288216579193
6288216643120
6288216785683
6288216948173
6288217825929
6288218043038
6288218060742
6288218119740
6288218236709
6288218368776
6288218398557
6288218410105
6288218489689
6288218540243
6288218689909
6288218697393
6288218754969
6288218866482
6288219137827
6288219256075
6288219471767
6288219675665
6288219701501
6288220097155
6288220134276
6288220251772
6288220535890
6288220571336
6288220599026
6288220684330
6288220689299
6288221065762
6288221260194
6288221274217
6288221339791
6288221400191
6288221463590
6288221527989
6288221553918
6288221665362
6288221667855
6288221828755
6288221901773
6288222029537
6288222656892
6288222773188
6288222821986
6288222961909
6288223220824
6288223702296
6288224023997
6288224107271
6288224137025
6288224147248
6288224166704
6288224178606
6288224235965
6288224238809
6288224749751
6288225057998
6288225061655
6288225132301
6288225153601
6288225196407
6288225234365
6288225401455
6288225625832
6288225634886
6288225643902
6288225644429
6288225644638
6288225645700
6288225689383
6288225780427
6288225824909
6288225833323
6288226007065
6288226011451
6288226014582
6288226020500
6288226034416
6288226038775
6288226041424
6288226042051
6288226053715
6288226061442
6288226063914
6288226069958
6288226090860
6288226112567
6288226116976
6288226137018
6288226140453
6288226140783
6288226148621
6288226149405
6288226163857
6288226172138
6288226177250
6288226178350
6288226183761
6288226186544
6288226191895
6288226192763
6288226192869
6288226200782
6288226209373
6288226220710
6288226233271
6288226244793
6288226246866
6288226257476
6288226257478
6288226281355
6288226331992
6288226389094
6288226484956
6288226525023
6288226604723
6288226659127
6288226942870
6288227100274
6288227141258
6288227149728
6288227200094
6288227683136
6288227710339
6288227757185
6288227812431
6288227837134
6288227852505
6288227918697
6288227944626
6288227982790
6288228273594
6288228681303
6288228749752
6288228939466
6288229059778
6288229203287
6288229228861
6288229573713
6288229640504
6288229658734
6288229783702
6288230125442
6288230126358
6288230126821
6288230358227
6288230380339
6288230383069
6288230472896
6288230529825
6288230539571
6288230556186
6288230563618
6288230564498
6288230572192
6288230586431
6288230588593
6288230591446
6288230595327
6288230598072
6288230663807
6288230677476
6288230922619
6288231009528
6288231017010
6288231019234
6288231034661
6288231058790
6288231170529
6288231171404
6288231205482
6288231210366
6288231223656
6288231236931
6288231252468
6288231253269
6288231255204
6288231281261
6288231295287
6288231300282
6288231305090
6288231306758
6288231312430
6288231313094
6288231325125
6288231332123
6288231341246
6288231347832
6288231408009
6288232095696
6288232170234
6288232804556
6288232838598
6288233281897
6288233608048
6288233835502
6288238138038
6288238176091
6288238331930
6288238805186
6288239122147
6288239144670
6288239616333
6288239650242
6288241080562
6288242003040
6288242137342
6288242213651
6288242253421
6288242264805
6288242290335
6288242326487
6288242331048
6288242345101
6288242369301
6288242389171
6288242397930
6288242434214
6288242526791
6288242531972
6288242559868
6288242571014
6288242591399
6288242605484
6288242610730
6288242628351
6288242633033
6288242650706
6288242693320
6288242706636
6288242713877
6288242717749
6288242724371
6288242741125
6288242741301
6288242741408
6288242742636
6288242746577
6288242803054
6288242829061
6288242863803
6288242875420
6288245012667
6288245075972
6288245097852
6288245139484
6288245143870
6288245146618
6288245150789
6288245167626
6288245180900
6288245218623
6288245237980
6288245247867
6288245293465
6288245341664
6288245355383
6288245359635
6288245364584
6288245503434
6288245524078
6288245545943
6288245604680
6288245607552
6288245691627
6288245697404
6288245744126
6288245805660
6288245935045
6288246212383
6288246396382
6288246554041
6288246567184
6288246581667
6288246756404
6288246904218
6288246913962
6288247018023
6288247184385
6288247321803
6288247323202
628824789625
6288262771679
6288263051951
6288265425524
6288267075677
6288267077549
6288267159927
6288267162549
6288267165167
6288267195936
6288268046051
6288268100277
6288268144547
6288268176591
6288268272820
6288268273421
6288268307568
6288268376164
6288269041162
6288269060385
6288269094272
6288269598278
6288269620319
6288269651477
6288269651962
6288269660421
6288269830123
6288270809701
6288270923366
6288270955347
6288270981909
6288270985420
6288271044758
6288271097481
6288271098743
6288271109397
6288271139262
6288271144227
6288271152478
6288271156951
6288271204606
6288271256961
6288271292339
6288271305960
6288271343902
6288271346542
6288271389266
6288271472015
6288271681847
6288272049276
6288272085314
6288272085748
6288272160988
6288272163112
6288272163123
6288272172440
6288272191680
6288272204477
6288272205521
6288272206215
6288272210604
6288272468623
6288272480085
6288274170408
6288274194326
6288274250445
6288274258676
6288274292861
6288274312921
6288274321403
6288274330539
6288274376645
6288274541883
6288276239288
6288276257884
6288276367416
6288276407123
6288276425125
6288276460979
6288276461319
6288276518965
6288276542089
6288276546106
6288276549818
6288276571389
6288276573779
6288276592767
6288276594993
6288276714872
6288276783154
6288276794776
6288277101486
6288277258734
6288277404255
6288277511420
6288277512049
6288277524775
6288277564006
6288277576790
6288277586330
6288277591306
6288277591332
6288279177073
6288279200369
6288279248467
6288279265526
6288279415909
6288279499435
6288279552313
6288279581747
6288279787948
6288286008056
6288286009729
6288286015656
6288286029613
6288286031607
6288286071492
6288286081157
6288286096167
6288286133072
6288286213803
6288286226491
6288286409601
6288286474231
6288286475730
6288286512837
6288286544697
6288286575531
6288286671995
6288286675656
6288286677697
6288286712611
6288286739116
6288286756337
6288286776452
6288286800566
6288286825395
6288286833148
6288286861979
6288286879602
6288286879988
6288286907014
6288286918717
6288286943069
6288286976556
6288286982219
6288287028857
6288287058011
6288287103742
6288287126035
6288287135087
6288287143382
6288287215796
6288287225578
6288287277917
6288287477412
6288287544951
6288287631902
6288287635537
6288287665801
6288287719775
6288287754061
6288287764173
6288287868477
6288287888558
6288287934979
6288289125714
6288289152925
6288289381385
6288289423408
6288289448370
6288289449633
6288289471566
6288289492880
6288289502419
6288289571699
6288289732306
6288289753075
6288289787907
6288289857407
6288289976047
6288290000374
6288290014271
6288290076618
6288290117565
6288290153923
6288290154240
6288290259151
6288290306038
6288290411865
6288290656035
6288290669661
6288290759747
6288291008757
6288291051627
6288291081490
6288291092071
6288291092093
6288291107069
6288291174227
6288291231192
6288291245594
6288291597676
6288291645887
6288291680671
6288291783651
6288292017057
6288292210362
6288292242725
6288293003225
6288293051432
6288293060835
6288293075146
6288293114743
6288293335912
6288293418570
6288293480590
6288293538623
6288293544296
6288293672213
6288293675265
6288293757597
6288293787452
6288293928039
6288294001590
6288294006700
6288294033819
6288294045112
6288294047425
6288294082090
6288294176512
6288294237822
6288294395539
6288294403828
6288294468422
6288294503984
6288294548766
6288294665940
6288294788162
6288295018562
6288295186122
6288295903641
6288295926500
6288295933970
6288295973123
6288295997703
6288296314302
6288296486194
6288296517168
6288296583959
6288297068294
6288297100061
6288297333868
6288297646166
6288297730506
6288297815607
6288298200828
6288298203931
6288298206231
6288298229827
6288298246860
6288298279017
6288298301283
6288298304149
6288298313095
6288298313457
6288298359510
6288298396296
6288298420513
6288298427144
6288298429635
6288298431735
6288298441491
6288298443631
6288298455833
6288298465665
6288298475047
6288298478000
6288298480812
6288298481807
6288298482317
6288298485049
6288298592299
6288298693391
6288298699698
6288298713160
6288298874994
6288299405330
6288299493863
6288299600883
6288299972900
6288704036544
6288704218002
6288704238221
6288704250420
6288704276216
6288704361560
6288704609465
6288704677650
6288704712238
6288704717042
6288704760958
6288704763959
6288705337373
6288705371231
6288705423498
6288705431098
6288705445177
6288705451064
6288705451642
6288705492086
6288705501993
6288705585764
6288705595035
6288705638683
6288705645881
6288705660953
6288705728920
6288705852921
6288705879050
6288706064451
6288706085201
6288706087726
6288706094513
6288706320699
6288706336158
6288706391349
6288706460521
6288706573063
6288706825339
6288707409016
6288707706160
6288707748662
6288708014037
6288708172298
6288708221833
6288708269453
6288708270137
6288708313655
6288708547330
6288708578960
6288708667854
6288708833835
6288709476444
6288709710476
6288710108925
628871298171
628871312215
628871344605
628872547701
628872548497
6288729697829
6288740384969
6288740465399
6288740497847
6288740564706
6288740640248
6288740640723
6288742533401
6288742596027
6288742609907
6288742805535
62887433434133
62887435001907
62887435005929
62887435006952
62887435024526
62887435027207
62887435032386
62887435042587
62887435052861
62887435064513
62887435073674
62887435093022
62887435097558
62887435107554
62887435210322
62887437019309
62887437022769
62887437150740
62887437170200
62887437280332
62887437294004
62887437294063
62887437327945
62887437397059
6288743741862
62887437464046
62887437496328
62887437598421
62887437712206
62887437740910
6288744532164
6288747375031
6288747681350
628875825708
628875923681
628876348494
628876416162
628876419359
628876422745
628876646132
628877740350
62887811524285
6288801001484
6288801860306
6288802382684
6288802443546
6288803136964
6288803759764
6288804066858
6288804274682
6288804284817
6288804300459
6288804516182
6288804717330
6288805369563
6288806765159
6288807168063
6288807170416
6288807367675
6288807670216
6288807758754
6288807789966
6288807930574
6288807935298
6288808106646
6288808785081
628880917466
6288809203109
6288809294001
6288809487395
6288809608640
6288809628059
6288809642659
6288809777829
6288809858806
6288809984414
6288810025665
628881064996
628881283006
628881375981
628881480855
628881544946
628881601393
6288816673828
628881807594
628881861705
628881888188
628881947872
62888204247967
62888210760576
628882641441
628883148516
628883766732
628884197385
628884338259
628884339237
628884358100
628884371055
628884375639
628884386372
628884530016
6288860670064
6288860741173
628886124440
628886364569
6288865482477
628887713192
628887746449
62888777333
628888109585
628888184523
628888265512
628888365131
628888377677
628888460090
628888578172
628888789887
628889012314
628889030943
628889060280
628889609999
628889643182
628889778257
628889781536
628889808240
6288900120765
6288901103653
6288901107340
6288901115167
6288901146621
6288901278297
6288901294269
6288901391324
6288901486048
6288901807964
6288901928255
6288902108656
6288902122740
6288902128977
6288902398852
6288902824261
6288902836596
6288902839039
6288902875393
6288902927029
6288902950900
6288902954254
6288902989522
6288903421594
6288905003554
6288905007120
6288905044492
628890505385
6288905054765
6288905088015
6288905091968
6288905113850
6288905167575
6288905172744
6288905176247
6288905199808
6288905202355
6288905260770
6288905294187
6288905313887
6288905342332
6288905376684
6288905403345
6288905408113
6288905438853
6288905449324
6288905466449
6288905781412
6288905807153
6288905933038
6288906053366
6288906069633
6288906130619
6288906220914
6288907027472
628891991997
628892005936
628892134753
628892190657
628893620398
628895025625
628895050865
628895115656
628895168712
628895173996
628895205499
628895211487
628895219112
628895255388
628895267699
628895381481
628895491032
628895508984
628895544266
628895545954
628895560366
628895571540
628895627090
628895683595
628895691340
628895784624
628895922114
6288970397055
6288971086024
6288971098614
6288971149666
6288971172831
6288971217717
6288971361818
6288971505009
6288971525858
6288971726825
6288972105589
6288972333925
6288972809630
6288973058525
6288973063271
6288973075826
6288973078914
6288973101768
6288973107799
6288973142996
6288973158271
6288973383297
6288973426359
6288973429568
6288973440508
6288973462961
6288973621172
6288973628864
6288973655019
6288975024385
6288975124093
6288975149342
6288975247301
6288975309978
6288975368628
6288975433210
6288975450798
6288975563990
6288975575622
6288975612769
6288975642986
6288975813195
6288975818283
6288975863290
6288975897288
6288975897449
6288976115140
6288976173288
6288976336823
6288976653446
6288976782450
6288976839710
6288976985864
6288977863032
6288977863252
6288977944450
628898006759
6288980134839
6288980200216
6288980220554
6288980260433
6288980304780
6288980323853
6288980341837
6288980444906
6288980460836
6288980480342
6288980503035
6288980513030
6288980549138
628898062884
6288980716493
6288980730652
6288980801811
6288980867880
6288980940224
6288980957840
6288980959304
6288980963327
6288980963566
6288981012282
6288983006192
6288983048272
6288983097273
6288983205450
6288983378616
6288983435254
6288983479281
6288983516045
6288983523096
6288983555394
6288983581513
6288983589180
6288983597985
6288983731389
6288983741260
6288983754225
6288983791685
6288983822977
6288983881602
6288983892772
6288983966841
6288985080343
6288985123258
6288985166193
6288985217899
6288985273106
6288985302947
6288985404596
6288985450621
6288985476738
6288985521367
6288985565127
6288985691537
6288985823780
6288986009211
6288986053502
6288986095480
6288986152871
6288986194912
6288987017419
6288987100423
6288987136020
6288987138703
6288987179341
6288987182703
6288987262614
6288987345950
6288987414350
6288987493832
6288988722911
6288989392463
6288989429249
6288989462185
6288989507986
6288989630970
6288989661081
6288989714531
6288989761126
6288989783397
6288989797511
6288989831125
6288989864700
6288989882032
6288989897974
6288989998078
6288991004659
6288991009568
6288991029863
6288991041928
6288991090149
6288991184411
6288991201387
6288991270909
6288991274040
6288991305778
6288991338757
6288991413955
6288991414720
6288991553956
6288991579955
6288991586571
6288991620028
6288991675101
6288991735296
6288991738915
6288991826896
6288991881715
6288991948909
6288991949389
6288994140670
6288994150059
6288994164863
6288994212844
6288994264302
6288994279940
6288994425105
6288994440784
6288994556510
6288994597031
6288994598482
6288994618728
6288994639010
6288994651875
6288995473024
6288995491302