51917405813
51935598089
51988980543
51925487689
51935311938
51930746894
51928231172
51905808763
51928395062
51917994781
51926327036
51916557299
51901358123
51935944831
51931087915
51935419798
51931116750
51928758227
51928996465
51986606960
51935594946
51927278839
51925538490
51931930224
51925631882
51901023538
51916236227
51910400387
51925699818
51921592686
51930259063
51925217333
51910256215
51925312276
51900346576
51927278843
51901587932
51917621604
51916855335
51928721789
51925394173
51925000620
51921594344
51921761915
51916188130
51929169351
51917465248
51986606920
51935944888
51929731983
51925503603
51918274330
51926063325
51901716166
51910771895
51921650492
51901487782
51925819868
51928561616
51931115425
51905666130
51919178603
51927082480
51925386597
51921822155
51900595942
51925508158
51935944844
51925536542
51961431103
51925389595
51929572751
51918821462
51926321425
51927551952
51925268680
51910680042
51916336084
51910680010
51928596563
51918582479
51928610443
51986745066
51929423753
51925390784
51928395046
51917684779
51910400326
51917859351
51905544722
51901646859
51928870599
51926321466
51901634886
51930983492
51917621631
51935043310
51935517785
51900950206
51918108415
51925807080
51916032483
51931937502
51900851228
51900430533
51929653958
51925369548
51935419754
51929148187
51925617355
51925766090
51925503099
51928231114
51928386026
51928610405
51925589263
51925501385
51910771868
51921554628
51921730742
51901634863
51930645231
51921070165
51916658792
51925389504
51925501351
51916251817
51930883639
51935311926
51916782745
51901138883
51925269979
51921070130
51917859367
51925745427
51928140655
51930791863
51929715170
51921997644
51900870264
51921768370
51901145917
51910911002
51921188226
51927885435
51930991663
51936576014
51925797185
51932162614
51935481094
51927082409
51901380840
51928758222
51930360441
51925932265
51928630281
51925389510
51935226786
51917405871
51921267908
51928734714
51929693633
51916185280
51925000699
51910971721
51921188205
51930985679
51928592413
51935755218
51926267860
51935226744
51901794296
51929947687
51901093022
51927970500
51900430518
51925381060
51925269608
51901380892
51925000630
51930987585
51935376148
51918108438
51928596870
51930940074
51930982480
51935311959
51910088704
51925216446
51935755259
51961431148
51941964199
51931285882
51917469565
51931896181
51921592667
51921650486
51929731995
51929635886
51919197762
51901746091
51921162286
51917181443
51931967227
51925509295
51916483719
51921071408
51910876066
51935920519
51928124336
51901739380
51935029338
51910911009
51930275976
51930883648
51916319916
51925269615
51921471421
51917193441
51930643973
51910771873
51927293496
51935590589
51928596504
51925026639
51926008363
51928495902
51927883636
51916483700
51921997674
51927278883
51927539906
51916158388
51927811648
51927885461
51929715116
51929326867
51931514376
51930492036
51928758282
51902853228
51930855876
51925049375
51935731324
51926327023
51926322262
51929785897
51931939588
51917469542
51917994773
51901739339
51927431055
51910971707
51918579574
51910780804
51916258765
51927799375
51916158351
51916158343
51928561636
51928598601
51927885483
51935029349
51930940049
51936655550
51928444658
51927539958
51931753391
51925509212
51916449126
51928010847
51918109446
51916381372
51931937539
51929635823
51916259942
51925508171
51929572712
51910680094
51921471472
51926008393
51927278881
51930940065
51930869688
51928493203
51926106467
51928140677
51931804290
51916236250
51921499960
51929326870
51926322274
51901812261
51917469517
51979510528
51901587960
51935755295
51910911078
51927885847
51931967251
51929424514
51935731340
51925310210
51925487607
51916255571
51925699819
51917405854
51916449198
51917430901
51901483817
51925631852
51928386004
51926488984
51901208060
51917181457
51927455266
51905808721
51929945672
51929527438
51925369520
51925384133
51901812278
51927081786
51931753365
51929148113
51928239417
51918588742
51927885849
51916032474
51917430947
51901646837
51946427135
51929527413
51901380834
51918304277
51931808994
51917405869
51935731334
51927530247
51921822102
51930360429
51921650465
51901319142
51929476044
51925509292
51935889819
51928721741
51910255795
51905666151
51928386085
51901256905
51917181495
51931712658
51901208208
51930259044
51917113776
51925507416
51910255756
51925766017
51927097259
51931930232
51918304251
51921997641
51928734795
51910143259
51900636496
51928302972
51916336032
51918695687
51901487691
51925264467
51925588392
51927454217
51928503715
51918775117
51925000645
51929947636
51929408636
51980329764
51930791804
51925631835
51925373950
51928765337
51931452754
51900017818
51901487669
51901821716
51918695603
51987187089
51939152373
51916782754
51927346420
51921483192
51925503017
51925373935
51928491468
51927290823
51927098004
51935590518
51935920553
51900870943
51901093011
51930987592
51928765303
51930645205
51916258712
51928721726
51925044082
51905942193
51905942142
51933738146
51910089780
51901358155
51928495598
51901483850
51910224834
51918948247
51925538417
51916557232
51925636556
51928848692
51910255761
51931016085
51925984315
51926063354
51935517725
51931804223
51901761261
51929527490
51910252500
51925544569
51900585372
51929635824
51929945619
51928630290
51931891391
51916658798
51925979041
51929546685
51910089750
51901145939
51918579586
51927067015
51925394191
51900862239
51910978209
51929653959
51929653952
51900260279
51925984304
51928237920
51929424553
51926488955
51928561665
51916855314
51935904280
51905980712
51901092880
51925172137
51928634547
51921650497
51931282958
51921691808
51928996459
51901587939
51901761120
51917621669
51929423729
51925387296
51930492003
51928734743
51929785847
51927765344
51918582487
51931224265
51901208240
51921691817
51910876057
51931965502
51935561977
51917405834
51961431186
51901090293
51905931132
51921552724
51901487668
51905848250
51925310769
51921594139
51900870231
51929454461
51900652095
51921552739
51921594313
51918145894
51901090218
51905931145
51910739790
51928231108
51925984394
51925315109
51916782707
51929635801
51925487687
51901090219
51927262055
51918821420
51931514390
51926063306
51910739756
51928870569
51931908156
51901794238
51921974138
51921974105
51925631843
51935923676
51928870558
51921863264
51931939501
51905544752
51931804203
51901093004
51921471468
51925636519
51916336066
51925362185
51928870574
51916147095
51925942174
51925544570
51931937557
51900430521
51927530274
51931967291
51900265679
51961431149
51916259960
51929148181
51929653994
51925631153
51901764660
51900668953
51927097201
51935745653
51916188110
51921250029
51917422353
51917668054
51926327051
51927431050
51925631866
51919178629
51910876053
51901646891
51929169398
51925631157
51925310216
51900870953
51916252518
51925386527
51930855845
51930673407
51918145882
51928395096
51927060378
51901821777
51925699551
51921071424
51928232158
51926321438
51901138852
51917113700
51928996461
51900613143
51925639501
51930791826
51925636512
51925386514
51925268699
51925588817
51930256620
51928503755
51916658716
51918197701
51930259099
51935590590
51928870573
51931285850
51928848689
51925044067
51918304274
51921188245
51921552760
51931967259
51900636488
51910400470
51925979008
51921070139
51910256242
51927346402
51910780838
51928495590
51931268482
51930645279
51986606977
51921188255
51925048221
51929947653
51931804286
51926322278
51916381336
51900950213
51927765370
51925503670
51918582420
51930183962
51987187012
51916258509
51928395072
51925538479
51931486421
51927067093
51928630232
51925217381
51917151772
51927222061
51930985659
51925312210
51918304200
51927262005
51921749816
51925487634
51927799357
51927455226
51900760956
51905666115
51931115940
51918274328
51928630203
51925639594
51930987544
51925746388
51925766021
51900870268
51910088366
51931782881
51910862416
51927222091
51925373976
51901256929
51921691836
51910971781
51931514346
51916158333
51925639527
51926322659
51925735862
51916483774
51925172100
51927081715
51935923640
51917115742
51901587924
51905931158
51993101040
51935515547
51930991682
51925971973
51901208215
51918588705
51925000635
51929148121
51917430925
51930940713
51935372177
51935226709
51927097287
51935516415
51931930227
51921749836
51901761259
51929785883
51905781928
51918109499
51930644563
51921822103
51916250698
51988980564
51917405829
51927290861
51925266591
51925384153
51925588806
51925979079
51935904268
51901764608
51928495518
51925000680
51916681607
51918579582
51917801951
51927689553
51926063396
51916658753
51901093082
51927539913
51901487798
51926321424
51917621693
51931839123
51929636669
51927455244
51901358183
51935923660
51921558331
51927811645
51925362176
51910088343
51987187038
51928546002
51925797177
51961431177
51925269956
51928237919
51925538450
51931074668
51921483175
51935594988
51901764664
51925508926
51929653902
51925268651
51931908113
51916319967
51910400462
51928592403
51935920579
51905848291
51927014467
51931515562
51901821779
51921594350
51905800265
51917405873
51901794272
51930275943
51901145938
51928232144
51931839112
51935731311
51930981677
51900668956
51916252562
51935899855
51931775837
51927885869
51927097211
51935376108
51910400321
51928675249
51916336050
51901767872
51927811643
51935731322
51986606987
51928470242
51921730768
51921760588
51931775880
51926106406
51921250004
51921267917
51900830459
51987187087
51901256950
51930492009
51916188119
51928675206
51927081717
51921952902
51917668098
51925387127
51925312090
51925172107
51925797108
51931804234
51928493253
51919127903
51928395087
51927281306
51921071478
51918540443
51931782849
51921558314
51927551913
51910739716
51910143226
51935731319
51925384110
51901093034
51916416294
51901487657
51921974131
51935923671
51925266524
51917181409
51929945682
51994011913
51928546008
51916147030
51931804225
51925216413
51926488929
51935923641
51901230884
51927097256
51905931147
51928444689
51931930262
51901746085
51931804232
51929731981
51916658766
51905650358
51917801948
51935594973
51919197778
51918775196
51925018020
51916251831
51910752048
51929731955
51931839164
51901646852
51916782716
51905650380
51935376119
51927081761
51925381053
51916251871
51910089753
51925766025
51921749825
51929947611
51900870914
51935376133
51930183928
51931775871
51928386039
51901487792
51962985663
51917149208
51935561935
51925961725
51900950219
51930643965
51901684765
51927098076
51925589225
51925384186
51916188195
51925000651
51921760542
51901487734
51921768385
51925617351
51905942157
51926008355
51910532058
51910532052
51925213198
51929326800
51916258589
51930803499
51910143236
51928010862
51901746071
51927970576
51905781906
51921071401
51927885453
51977483457
51917430916
51925310271
51926488928
51931115905
51931965511
51925384167
51921730700
51931839118
51901138884
51930644507
51916250697
51925503022
51917405832
51925000605
51925049302
51901319194
51901762414
51931452762
51905781978
51910146191
51925487680
51916319969
51928124392
51929326861
51921554642
51927431037
51916658720
51930360499
51917469564
51930644503
51935043349
51925315197
51901230824
51925797110
51935923683
51935229268
51927082485
51931930297
51927278835
51917922918
51921558357
51900760985
51977483410
51917738497
51926322607
51980328763
51977483411
51927081710
51900510899
51987187045
51930987590
51931115487
51935654704
51935923654
51901746003
51925538421
51910680058
51929785899
51921888464
51930644590
51931965524
51930981681
51939152349
51927098054
51930644559
51921554612
51931808902
51935515538
51931753303
51925049387
51979510506
51901761251
51918582449
51936576052
51916258575
51931753331
51946427169
51936576038
51921554616
51931900496
51935745604
51916381390
51928996449
51921552728
51900652082
51901794266
51930803400
51927811600
51900862240
51928630207
51931514388
51928239429
51901634851
51925387117
51919025272
51917465242
51916855388
51929527471
51961280856
51927293478
51918274347
51916258524
51916158381
51916258760
51925766091
51986745041
51917469527
51925379803
51993101035
51929731993
51927431061
51935376191
51926322245
51901746088
51925373923
51928561620
51935590521