79202110149
79202110150
79202110151
79202110152
79202110153
79202110155
79202110156
79202110157
79202110158
79202110159
79202110162
79202110166
79202110172
79202110176
79202110193
79202110216
79202110219
79202110226
79202110230
79202110232
79202110237
79202110242
79202110255
79202110263
79202110266
79202110268
79202110273
79202110276
79202110280
79202110295
79202110296
79202110308
79202110311
79202110314
79202110322
79202110327
79202110335
79202110350
79202110351
79202110364
79202110378
79202110388
79202110396
79202110404
79202110409
79202110410
79202110423
79202110427
79202110432
79202110439
79202110448
79202110466
79202110476
79202110501
79202110514
79202110516
79202110519
79202110520
79202110525
79202110546
79202110570
79202110577
79202110590
79202110603
79202110604
79202110618
79202110629
79202110634
79202110637
79202110642
79202110647
79202110648
79202110657
79202110659
79202110660
79202110661
79202110663
79202110667
79202110691
79202110694
79202110700
79202110706
79202110708
79202110711
79202110722
79202110728
79202110737
79202110745
79202110747
79202110753
79202110754
79202110758
79202110767
79202110773
79202110777
79202110778
79202110784
79202110797
79202110801
79202110806
79202110821
79202110827
79202110833
79202110836
79202110838
79202110846
79202110856
79202110862
79202110866
79202110880
79202110881
79202110901
79202110913
79202110916
79202110924
79202110942
79202110957
79202110962
79202110965
79202110973
79202110982
79202110990
79202110991
79202110995
79206010010
79206010012
79206010021
79206010029
79206010033
79206010039
79206010040
79206010043
79206010072
79206010078
79206010082
79206010097
79206010106
79206010107
79206010110
79206010114
79206010115
79206010116
79206010125
79206010160
79206010161
79206010162
79206010163
79206010166
79206010169
79206010177
79206010178
79206010180
79206010185
79206010186
79206010190
79206010192
79206010194
79206010197
79206010208
79206010218
79206010221
79206010223
79206010233
79206010234
79206010241
79206010259
79206010279
79206010284
79206010288
79206010299
79206010311
79206010315
79206010317
79206010321
79206010332
79206010335
79206010358
79206010362
79206010363
79206010364
79206010369
79206010375
79206010378
79206010390
79206010397
79206010410
79206010417
79206010418
79206010422
79206010450
79206010460
79206010474
79206010479
79206010480
79206010481
79206010483
79206010484
79206010492
79206010496
79206010499
79206010506
79206010518
79206010524
79206010530
79206010532
79206010536
79206010543
79206010546
79206010553
79206010564
79206010565
79206010567
79206010574
79206010575
79206010582
79206010583
79206010584
79206010591
79206010604
79206010605
79206010608
79206010619
79206010620
79206010625
79206010633
79206010634
79206010639
79206010654
79206010660
79206010668
79206010678
79206010682
79206010684
79206010693
79206010694
79206010698
79206010705
79206010710
79206010714
79206010722
79206010730
79206010735
79206010738
79206010746
79206010754
79206010772
79206010774
79206010775
79206010776
79206010792
79206010803
79206010805
79206010807
79206010822
79206010837
79206010839
79206010847
79206010857
79206010868
79206010874
79206010881
79206010886
79206010894
79206010895
79206010896
79206010897
79206010898
79206010904
79206010916
79206010919
79206010932
79206010933
79206010943
79206010951
79206010961
79206010981
79206010991
79210500013
79210500034
79210500052
79210500064
79210500086
79210500092
79210500098
79210500099
79210500105
79210500106
79210500113
79210500116
79210500117
79210500142
79210500150
79210500165
79210500169
79210500177
79210500178
79210500186
79210500189
79210500191
79210500206
79210500213
79210500219
79210500227
79210500229
79210500259
79210500262
79210500264
79210500269
79210500283
79210500284
79210500288
79210500294
79210500296
79210500309
79210500312
79210500324
79210500338
79210500339
79210500344
79210500346
79210500348
79210500363
79210500375
79210500384
79210500385
79210500394
79210500399
79210500410
79210500413
79210500414
79210500425
79210500426
79210500432
79210500434
79210500448
79210500455
79210500462
79210500466
79210500469
79210500480
79210500484
79210500486
79210500497
79210500504
79210500508
79210500511
79210500527
79210500528
79210500537
79210500546
79210500548
79210500551
79210500574
79210500575
79210500583
79210500584
79210500590
79210500605
79210500628
79210500649
79210500658
79210500662
79210500674
79210500675
79210500685
79210500690
79210500696
79210500705
79210500712
79210500720
79210500723
79210500727
79210500729
79210500736
79210500753
79210500770
79210500777
79210500778
79210500783
79210500785
79210500789
79210500790
79210500805
79210500815
79210500823
79210500836
79210500841
79210500849
79210500854
79210500857
79210500858
79210500866
79210500877
79210500888
79210500907
79210500911
79210500937
79210500956
79210500958
79210500970
79210500974
79210500999
79213790008
79213790036
79213790059
79213790064
79213790074
79213790080
79213790098
79213790103
79213790106
79213790107
79213790122
79213790149
79213790178
79213790179
79213790182
79213790188
79213790192
79213790197
79213790199
79213790200
79213790205
79213790209
79213790212
79213790224
79213790230
79213790257
79213790258
79213790262
79213790264
79213790270
79213790274
79213790276
79213790282
79213790283
79213790284
79213790291
79213790299
79213790301
79213790319
79213790321
79213790330
79213790334
79213790338
79213790348
79213790350
79213790361
79213790363
79213790367
79213790368
79213790380
79213790389
79213790395
79213790397
79213790411
79213790416
79213790418
79213790423
79213790426
79213790435
79213790437
79213790447
79213790449
79213790452
79213790457
79213790468
79213790477
79213790483
79213790488
79213790503
79213790506
79213790521
79213790526
79213790542
79213790562
79213790567
79213790580
79213790582
79213790600
79213790601
79213790602
79213790603
79213790607
79213790609
79213790628
79213790635
79213790636
79213790649
79213790663
79213790664
79213790669
79213790690
79213790716
79213790718
79213790725
79213790726
79213790733
79213790739
79213790749
79213790758
79213790769
79213790779
79213790808
79213790817
79213790837
79213790838
79213790845
79213790849
79213790860
79213790886
79213790889
79213790893
79213790900
79213790912
79213790914
79213790918
79213790922
79213790932
79213790939
79213790940
79213790944
79213790952
79213790957
79213790960
79213790967
79213790976
79213790984
79213790996
79213790998
79223310002
79223310004
79223310007
79223310008
79223310018
79223310029
79223310051
79223310053
79223310060
79223310063
79223310067
79223310089
79223310118
79223310124
79223310127
79223310138
79223310174
79223310181
79223310190
79223310194
79223310199
79223310205
79223310233
79223310239
79223310241
79223310272
79223310277
79223310284
79223310285
79223310288
79223310293
79223310320
79223310330
79223310334
79223310355
79223310363
79223310364
79223310378
79223310384
79223310389
79223310392
79223310393
79223310410
79223310412
79223310416
79223310419
79223310435
79223310436
79223310441
79223310448
79223310462
79223310463
79223310464
79223310481
79223310482
79223310499
79223310501
79223310512
79223310519
79223310530
79223310532
79223310554
79223310555
79223310562
79223310585
79223310591
79223310599
79223310621
79223310624
79223310636
79223310642
79223310644
79223310645
79223310650
79223310664
79223310665
79223310675
79223310677
79223310689
79223310699
79223310703
79223310709
79223310711
79223310738
79223310766
79223310769
79223310787
79223310790
79223310803
79223310815
79223310820
79223310827
79223310834
79223310841
79223310846
79223310863
79223310873
79223310874
79223310891
79223310896
79223310910
79223310919
79223310931
79223310938
79223310944
79223310962
79223310973
79223310987
79228070013
79228070034
79228070038
79228070040
79228070061
79228070062
79228070071
79228070072
79228070074
79228070076
79228070079
79228070089
79228070097
79228070112
79228070117
79228070149
79228070164
79228070165
79228070175
79228070176
79228070186
79228070197
79228070201
79228070202
79228070210
79228070219
79228070224
79228070235
79228070237
79228070242
79228070245
79228070252
79228070258
79228070262
79228070274
79228070284
79228070306
79228070310
79228070315
79228070322
79228070323
79228070324
79228070325
79228070326
79228070328
79228070334
79228070335
79228070336
79228070347
79228070352
79228070381
79228070382
79228070399
79228070413
79228070416
79228070418
79228070424
79228070445
79228070462
79228070468
79228070479
79228070480
79228070486
79228070491
79228070506
79228070525
79228070531
79228070535
79228070541
79228070543
79228070546
79228070550
79228070555
79228070574
79228070578
79228070579
79228070582
79228070597
79228070602
79228070603
79228070610
79228070623
79228070624
79228070629
79228070635
79228070636
79228070643
79228070676
79228070683
79228070689
79228070695
79228070705
79228070720
79228070722
79228070737
79228070739
79228070741
79228070743
79228070745
79228070752
79228070761
79228070772
79228070777
79228070785
79228070788
79228070791
79228070800
79228070803
79228070810
79228070838
79228070840
79228070844
79228070849
79228070853
79228070857
79228070859
79228070865
79228070868
79228070896
79228070926
79228070927
79228070930
79228070931
79228070938
79228070944
79228070947
79228070950
79228070951
79228070955
79228070957
79228070969
79228070971
79228070987
79228070992
79228070999
79237820003
79237820007
79237820018
79237820019
79237820026
79237820037
79237820038
79237820053
79237820072
79237820075
79237820086
79237820087
79237820088
79237820104
79237820109
79237820112
79237820120
79237820123
79237820127
79237820130
79237820131
79237820137
79237820141
79237820153
79237820157
79237820163
79237820169
79237820173
79237820178
79237820181
79237820188
79237820191
79237820192
79237820194
79237820196
79237820197
79237820202
79237820205
79237820219
79237820235
79237820242
79237820247
79237820254
79237820278
79237820281
79237820296
79237820301
79237820303
79237820310
79237820311
79237820319
79237820323
79237820333
79237820335
79237820336
79237820338
79237820339
79237820341
79237820343
79237820355
79237820373
79237820379
79237820400
79237820405
79237820409
79237820422
79237820424
79237820428
79237820441
79237820448
79237820454
79237820475
79237820482
79237820491
79237820502
79237820504
79237820507
79237820517
79237820521
79237820524
79237820532
79237820536
79237820537
79237820549
79237820554
79237820555
79237820560
79237820562
79237820563
79237820566
79237820567
79237820571
79237820574
79237820580
79237820586
79237820592
79237820595
79237820612
79237820616
79237820630
79237820631
79237820646
79237820659
79237820661
79237820664
79237820678
79237820693
79237820695
79237820702
79237820703
79237820708
79237820710
79237820733
79237820739
79237820741
79237820750
79237820765
79237820767
79237820774
79237820801
79237820806
79237820814
79237820815
79237820825
79237820830
79237820846
79237820847
79237820848
79237820860
79237820891
79237820899
79237820902
79237820904
79237820909
79237820922
79237820923
79237820925
79237820929
79237820940
79237820949
79237820953
79237820960
79237820966
79237820971
79237820977
79237820997
79247540009
79247540010
79247540016
79247540027
79247540032
79247540037
79247540042
79247540054
79247540057
79247540061
79247540063
79247540071
79247540076
79247540080
79247540081
79247540084
79247540109
79247540119
79247540120
79247540123
79247540124
79247540131
79247540147
79247540149
79247540156
79247540160
79247540162
79247540184
79247540197
79247540202
79247540203
79247540206
79247540211
79247540212
79247540214
79247540215
79247540235
79247540242
79247540262
79247540274
79247540279
79247540296
79247540298
79247540307
79247540321
79247540323
79247540341
79247540359
79247540360
79247540367
79247540368
79247540389
79247540391
79247540404
79247540408
79247540412
79247540440
79247540446
79247540463
79247540475
79247540477
79247540478
79247540481
79247540489
79247540492
79247540497
79247540503
79247540519
79247540533
79247540550
79247540554
79247540615
79247540617
79247540623
79247540629
79247540641
79247540664
79247540670
79247540672
79247540674
79247540678
79247540679
79247540686
79247540693
79247540697
79247540714
79247540720
79247540732
79247540751
79247540766
79247540787
79247540792
79247540803
79247540812
79247540824
79247540831
79247540843
79247540860
79247540862
79247540869
79247540875
79247540884
79247540910
79247540911
79247540917
79247540919
79247540924
79247540931
79247540933
79247540945
79247540964
79247540982
79247540992
79248470020
79248470024
79248470025
79248470041
79248470050
79248470063
79248470070
79248470080
79248470087
79248470097
79248470102
79248470109
79248470116
79248470123
79248470127
79248470128
79248470137
79248470145
79248470148
79248470151
79248470165
79248470173
79248470182
79248470183
79248470186
79248470192
79248470196
79248470197
79248470201
79248470206
79248470221
79248470226
79248470235
79248470240
79248470242
79248470248
79248470249
79248470250
79248470251
79248470260
79248470269
79248470271
79248470273
79248470278
79248470283
79248470286
79248470288
79248470292
79248470294
79248470296
79248470298
79248470302
79248470310
79248470314
79248470327
79248470333
79248470334
79248470340
79248470341
79248470354
79248470358
79248470377
79248470388
79248470390
79248470395
79248470401
79248470420
79248470425
79248470429
79248470430
79248470431
79248470432
79248470463
79248470469
79248470478
79248470485
79248470492
79248470501
79248470502
79248470504
79248470508
79248470509
79248470511
79248470513
79248470521
79248470531
79248470535
79248470539
79248470546
79248470561
79248470566
79248470570
79248470574
79248470581
79248470595
79248470599
79248470602
79248470603
79248470605
79248470614
79248470617
79248470622
79248470628
79248470639
79248470649
79248470651
79248470653
79248470686
79248470692
79248470706
79248470711
79248470718
79248470720
79248470728
79248470752
79248470761
79248470769
79248470777
79248470785
79248470792
79248470795
79248470800
79248470802
79248470809
79248470824
79248470830
79248470838
79248470846
79248470855
79248470869
79248470873
79248470877
79248470892
79248470896
79248470910
79248470911
79248470923
79248470924
79248470926
79248470936
79248470952
79248470973
79248470993
79248470999
79261480009
79261480013
79261480018
79261480022
79261480028
79261480043
79261480048
79261480051
79261480053
79261480065
79261480068
79261480074
79261480078
79261480082
79261480084
79261480088
79261480097
79261480098
79261480102
79261480105
79261480113
79261480114
79261480117
79261480125
79261480131
79261480132
79261480133
79261480134
79261480151
79261480181
79261480193
79261480201
79261480203
79261480211
79261480218
79261480220
79261480225
79261480232
79261480239
79261480242
79261480245
79261480247
79261480256
79261480257
79261480264
79261480266
79261480289
79261480292
79261480295
79261480310
79261480313
79261480332
79261480339
79261480343
79261480354
79261480368
79261480373
79261480406
79261480410
79261480412
79261480421
79261480426
79261480427
79261480428
79261480432
79261480441
79261480453
79261480454
79261480467
79261480477
79261480490
79261480514
79261480517
79261480523
79261480532
79261480541
79261480545
79261480547
79261480557
79261480576
79261480596
79261480606
79261480607
79261480610
79261480613
79261480621
79261480632
79261480659
79261480663
79261480671
79261480674
79261480678
79261480687
79261480704
79261480715
79261480718
79261480719
79261480720
79261480725
79261480729
79261480732
79261480741
79261480744
79261480758
79261480762
79261480766
79261480769
79261480773
79261480782
79261480788
79261480806
79261480811
79261480813
79261480817
79261480819
79261480837
79261480844
79261480860
79261480861
79261480862
79261480863
79261480864
79261480865
79261480872
79261480885
79261480888
79261480910
79261480914
79261480924
79261480929
79261480935
79261480939
79261480957
79261480980
79261480983
79261480993
79261480998
79263640001
79263640008
79263640009
79263640011
79263640041
79263640048
79263640061
79263640075
79263640080
79263640082
79263640092
79263640103
79263640106
79263640111
79263640112
79263640114
79263640117
79263640122
79263640130
79263640144
79263640148
79263640160
79263640175
79263640180
79263640191
79263640193
79263640194
79263640214
79263640225
79263640226
79263640227
79263640239
79263640245
79263640247
79263640250
79263640252
79263640255
79263640274
79263640303
79263640322
79263640324
79263640325
79263640327
79263640334
79263640336
79263640338
79263640341
79263640342
79263640343
79263640345
79263640346
79263640348
79263640357
79263640366
79263640377
79263640378
79263640383
79263640396
79263640401
79263640402
79263640417
79263640432
79263640438
79263640450
79263640451
79263640454
79263640457
79263640467
79263640481
79263640502
79263640518
79263640520
79263640526
79263640530
79263640531
79263640546
79263640547
79263640559
79263640563
79263640571
79263640581
79263640585
79263640589
79263640605
79263640607
79263640612
79263640618
79263640627
79263640628
79263640632
79263640635
79263640638
79263640642
79263640649
79263640652
79263640660
79263640673
79263640674
79263640677
79263640679
79263640693
79263640694
79263640698
79263640703
79263640717
79263640721
79263640723
79263640734
79263640738
79263640739
79263640744
79263640776
79263640781
79263640787
79263640789
79263640796
79263640803
79263640808
79263640812
79263640824
79263640837
79263640851
79263640864
79263640870
79263640876
79263640877
79263640878
79263640881
79263640886
79263640891
79263640924
79263640955
79263640957
79263640959
79263640960
79263640994
79267890003
79267890005
79267890011
79267890023
79267890029
79267890031
79267890042
79267890049
79267890051
79267890059
79267890060
79267890067
79267890069
79267890076
79267890077
79267890083
79267890089
79267890095
79267890100
79267890108
79267890109
79267890113
79267890118
79267890125
79267890132
79267890144
79267890159
79267890166
79267890167
79267890168
79267890195
79267890197
79267890201
79267890206
79267890210
79267890223
79267890227
79267890246
79267890248
79267890259
79267890260
79267890269
79267890272
79267890284
79267890286
79267890309
79267890314
79267890318
79267890326
79267890333
79267890337
79267890345
79267890347
79267890351
79267890358
79267890359
79267890375
79267890389
79267890396
79267890407
79267890409
79267890419
79267890424
79267890432
79267890440
79267890442
79267890462
79267890469
79267890477
79267890489
79267890507
79267890512
79267890514
79267890516
79267890519
79267890520
79267890532
79267890536
79267890537
79267890545
79267890552
79267890553
79267890563
79267890574
79267890581
79267890582
79267890591
79267890615
79267890618
79267890620
79267890628
79267890634
79267890642
79267890653
79267890656
79267890664
79267890669
79267890670
79267890674
79267890685
79267890690
79267890693
79267890697
79267890699
79267890702
79267890706
79267890708
79267890714
79267890715
79267890719
79267890721
79267890723
79267890762
79267890817
79267890821
79267890829
79267890832
79267890842
79267890845
79267890847
79267890848
79267890855
79267890856
79267890866
79267890880
79267890887
79267890915
79267890918
79267890927
79267890931
79267890933
79267890937
79267890939
79267890953
79267890954
79267890959
79267890965
79267890977
79267890979
79267890986
79267890992
79267890994
79267890995
79270020002
79270020007
79270020014
79270020015
79270020028
79270020036
79270020040
79270020050
79270020054
79270020058
79270020059
79270020062
79270020071
79270020076
79270020092
79270020094
79270020102
79270020104
79270020112
79270020117
79270020120
79270020125
79270020135
79270020142
79270020145
79270020166
79270020171
79270020179
79270020186
79270020187
79270020189
79270020190
79270020191
79270020197
79270020200
79270020204
79270020215
79270020218
79270020224
79270020228
79270020240
79270020242
79270020248
79270020250
79270020253
79270020256
79270020261
79270020263
79270020278
79270020280
79270020307
79270020313
79270020319
79270020323
79270020330
79270020334
79270020339
79270020347
79270020349
79270020352
79270020356
79270020396
79270020398
79270020407
79270020410
79270020415
79270020418
79270020421
79270020430
79270020435
79270020452
79270020456
79270020477
79270020486
79270020498
79270020505
79270020509
79270020515
79270020517
79270020520
79270020521
79270020532
79270020554
79270020563
79270020569
79270020574
79270020575
79270020586
79270020591
79270020592
79270020601
79270020605
79270020610
79270020613
79270020621
79270020632
79270020635
79270020644
79270020655
79270020656
79270020659
79270020675
79270020681
79270020689
79270020692
79270020694
79270020701
79270020710
79270020718
79270020722
79270020727
79270020735
79270020741
79270020744
79270020745
79270020747
79270020766
79270020767
79270020770
79270020784
79270020785
79270020820
79270020821
79270020822
79270020823
79270020825
79270020845
79270020847
79270020865
79270020866
79270020873
79270020875
79270020877
79270020880
79270020884
79270020889
79270020908
79270020914
79270020930
79270020944
79270020951
79270020964
79270020972
79270020976
79270020979
79270020983
79273000002
79273000005
79273000009
79273000015
79273000016
79273000019
79273000034
79273000055
79273000069
79273000093
79273000095
79273000097
79273000110
79273000113
79273000114
79273000130
79273000134
79273000147
79273000160
79273000173
79273000181
79273000200
79273000202
79273000222
79273000226
79273000231
79273000240
79273000252
79273000253
79273000261
79273000264
79273000273
79273000277
79273000285
79273000289
79273000300
79273000308
79273000316
79273000318
79273000320
79273000329
79273000352
79273000355
79273000356
79273000368
79273000387
79273000389
79273000394
79273000411
79273000416
79273000429
79273000433
79273000441
79273000444
79273000447
79273000452
79273000453
79273000454
79273000463
79273000465
79273000474
79273000493
79273000494
79273000496
79273000504
79273000505
79273000519
79273000534
79273000535
79273000544
79273000563
79273000566
79273000572
79273000576
79273000577
79273000579
79273000592
79273000613
79273000617
79273000621
79273000625
79273000626
79273000629
79273000630
79273000637
79273000638
79273000643
79273000647
79273000648
79273000649
79273000650
79273000657
79273000667
79273000673
79273000676
79273000681
79273000685
79273000697
79273000698
79273000702
79273000716
79273000721
79273000726
79273000735
79273000736
79273000737
79273000751
79273000766
79273000771
79273000774
79273000775
79273000776
79273000782
79273000786
79273000788
79273000793
79273000812
79273000817
79273000818
79273000824
79273000857
79273000863
79273000878
79273000889
79273000895
79273000905
79273000926
79273000928
79273000937
79273000953
79273000979
79273000980
79273000982
79273000991
79273000995
79273000999
79274440003
79274440044
79274440048
79274440051
79274440055
79274440057
79274440061
79274440078
79274440082
79274440100
79274440101
79274440109
79274440112
79274440117
79274440119
79274440121
79274440122
79274440141
79274440146
79274440166
79274440173
79274440174
79274440184
79274440187
79274440194
79274440197
79274440200
79274440205
79274440209
79274440215
79274440229
79274440231
79274440236
79274440247
79274440258
79274440266
79274440268
79274440283
79274440289
79274440297
79274440299
79274440301
79274440302
79274440324
79274440338
79274440348
79274440351
79274440360
79274440361
79274440362
79274440382
79274440385
79274440390
79274440395
79274440400
79274440413
79274440418
79274440426
79274440436
79274440452
79274440462
79274440472
79274440477
79274440482
79274440490
79274440501
79274440507
79274440510
79274440516
79274440519
79274440526
79274440541
79274440555
79274440572
79274440582
79274440585
79274440592
79274440593
79274440595
79274440597
79274440601
79274440608
79274440617
79274440629
79274440635
79274440638
79274440640
79274440669
79274440672
79274440675
79274440688
79274440691
79274440698
79274440709
79274440717
79274440730
79274440731
79274440765
79274440774
79274440787
79274440788
79274440789
79274440795
79274440798
79274440802
79274440803
79274440810
79274440812
79274440816
79274440823
79274440838
79274440848
79274440849
79274440853
79274440858
79274440860
79274440861
79274440863
79274440868
79274440874
79274440885
79274440886
79274440897
79274440898
79274440899
79274440901
79274440902
79274440912
79274440919
79274440932
79274440959
79274440962
79274440985
79274440986
79274440990
79274440992
79274910007
79274910008
79274910014
79274910020
79274910025
79274910027
79274910047
79274910057
79274910060
79274910066
79274910075
79274910085
79274910086
79274910091
79274910093
79274910103
79274910106
79274910128
79274910134
79274910154
79274910157
79274910165
79274910170
79274910173
79274910175
79274910187
79274910189
79274910193
79274910202
79274910212
79274910219
79274910221
79274910226
79274910239
79274910243
79274910249
79274910250
79274910255
79274910263
79274910267
79274910274
79274910276
79274910279
79274910286
79274910298
79274910301
79274910304
79274910305
79274910317
79274910324
79274910326
79274910353
79274910357
79274910359
79274910365
79274910371
79274910373
79274910396
79274910411
79274910412
79274910413
79274910415
79274910420
79274910425
79274910427
79274910428
79274910430
79274910433
79274910435
79274910442
79274910446
79274910449
79274910451
79274910452
79274910461
79274910479
79274910482
79274910483
79274910497
79274910513
79274910514
79274910520
79274910522
79274910523
79274910535
79274910549
79274910560
79274910566
79274910579
79274910590
79274910606
79274910622
79274910626
79274910633
79274910652
79274910657
79274910663
79274910667
79274910678
79274910679
79274910684
79274910690
79274910697
79274910698
79274910704
79274910706
79274910722
79274910727
79274910728
79274910730
79274910737
79274910742
79274910744
79274910746
79274910753
79274910754
79274910757
79274910760
79274910762
79274910766
79274910773
79274910780
79274910783
79274910798
79274910812
79274910817
79274910818
79274910820
79274910837
79274910854
79274910856
79274910857
79274910865
79274910877
79274910878
79274910890
79274910893
79274910902
79274910905
79274910906
79274910910
79274910913
79274910917
79274910953
79274910960
79274910962
79274910971
79274910981
79274910986
79274910993
79274910995
79274910998
79277930011
79277930012
79277930015
79277930016
79277930023
79277930026
79277930035
79277930040
79277930042
79277930043
79277930059
79277930064
79277930067
79277930068
79277930070
79277930074
79277930076
79277930078
79277930083
79277930084
79277930085
79277930095
79277930104
79277930113
79277930121
79277930134
79277930137
79277930148
79277930151
79277930154
79277930195
79277930197
79277930209
79277930219
79277930223
79277930225
79277930237
79277930241
79277930260
79277930285
79277930296
79277930310
79277930313
79277930314
79277930323
79277930324
79277930341
79277930350
79277930371
79277930381
79277930390
79277930400
79277930415
79277930420
79277930436
79277930447
79277930452
79277930455
79277930462
79277930467
79277930471
79277930473
79277930489
79277930493
79277930494
79277930504
79277930508
79277930520
79277930522
79277930528
79277930542
79277930554
79277930560
79277930574
79277930581
79277930592
79277930594
79277930600
79277930601
79277930605
79277930619
79277930627
79277930631
79277930634
79277930636
79277930661
79277930670
79277930674
79277930677
79277930685
79277930687
79277930688
79277930695
79277930699
79277930721
79277930736
79277930745
79277930746
79277930754
79277930758
79277930762
79277930765
79277930766
79277930775
79277930786
79277930790
79277930803
79277930805
79277930807
79277930818
79277930819
79277930831
79277930852
79277930855
79277930859
79277930872
79277930875
79277930878
79277930879
79277930880
79277930898
79277930903
79277930904
79277930909
79277930920
79277930931
79277930946
79277930973
79277930987
79277930990
79277930999
79279830001
79279830032
79279830042
79279830056
79279830062
79279830068
79279830072
79279830090
79279830098
79279830102
79279830125
79279830132
79279830133
79279830134
79279830146
79279830172
79279830185
79279830187
79279830193
79279830195
79279830196
79279830226
79279830233
79279830240
79279830242
79279830247
79279830252
79279830258
79279830284
79279830295
79279830316
79279830330
79279830331
79279830337
79279830338
79279830341
79279830343
79279830344
79279830356
79279830375
79279830376
79279830383
79279830386
79279830403
79279830405
79279830410
79279830412
79279830422
79279830434
79279830438
79279830440
79279830450
79279830453
79279830459
79279830462
79279830468
79279830472
79279830480
79279830485
79279830488
79279830498
79279830500
79279830513
79279830516
79279830528
79279830555
79279830563
79279830570
79279830595
79279830600
79279830604
79279830605
79279830622
79279830625
79279830631
79279830634
79279830635
79279830642
79279830645
79279830646
79279830647
79279830651
79279830656
79279830670
79279830672
79279830683
79279830704
79279830714
79279830720
79279830734
79279830744
79279830754
79279830759
79279830761
79279830764
79279830777
79279830782
79279830789
79279830803
79279830817
79279830825
79279830833
79279830834
79279830841
79279830851
79279830883
79279830884
79279830913
79279830930
79279830931
79279830935
79279830946
79279830947
79279830953
79279830955
79279830960
79279830967
79279830968
79279830984
79279830989
79279830994
79280950018
79280950023
79280950031
79280950032
79280950042
79280950078
79280950084
79280950092
79280950095
79280950126
79280950132
79280950141
79280950152
79280950155
79280950169
79280950175
79280950178
79280950183
79280950202
79280950208
79280950219
79280950237
79280950241
79280950248
79280950251
79280950252
79280950277
79280950289
79280950302
79280950311
79280950313
79280950314
79280950319
79280950325
79280950336
79280950337
79280950357
79280950376
79280950398
79280950407
79280950408
79280950428
79280950437
79280950441
79280950445
79280950454
79280950455
79280950461
79280950488
79280950489
79280950509
79280950519
79280950525
79280950549
79280950552
79280950555
79280950567
79280950573
79280950578
79280950587
79280950590
79280950592
79280950599
79280950606
79280950607
79280950608
79280950612
79280950646
79280950651
79280950652
79280950657
79280950658
79280950666
79280950670
79280950671
79280950675
79280950683
79280950689
79280950690
79280950704
79280950709
79280950710
79280950714
79280950726
79280950739
79280950747
79280950749
79280950753
79280950763
79280950774
79280950780
79280950782
79280950784
79280950796
79280950803
79280950820
79280950832
79280950838
79280950862
79280950865
79280950879
79280950909
79280950910
79280950914
79280950922
79280950932
79280950936
79280950960
79280950968
79280950970
79280950971
79280950973
79280950974
79280950987
79283280019
79283280024
79283280032
79283280035
79283280036
79283280038
79283280042
79283280051
79283280056
79283280059
79283280083
79283280096
79283280097
79283280098
79283280099
79283280133
79283280136
79283280143
79283280148
79283280166
79283280180
79283280187
79283280188
79283280190
79283280192
79283280196
79283280203
79283280207
79283280225
79283280227
79283280240
79283280253
79283280279
79283280282
79283280287
79283280296
79283280298
79283280301
79283280309
79283280314
79283280326
79283280328
79283280339
79283280347
79283280350
79283280361
79283280364
79283280369
79283280386
79283280388
79283280393
79283280400
79283280404
79283280405
79283280410
79283280417
79283280431
79283280433
79283280439
79283280456
79283280460
79283280466
79283280472
79283280480
79283280493
79283280501
79283280521
79283280527
79283280531
79283280532
79283280552
79283280555
79283280557
79283280566
79283280571
79283280575
79283280589
79283280591
79283280597
79283280600
79283280608
79283280613
79283280627
79283280632
79283280659
79283280666
79283280689
79283280690
79283280705
79283280727
79283280737
79283280741
79283280749
79283280753
79283280765
79283280771
79283280794
79283280796
79283280798
79283280806
79283280808
79283280812
79283280822
79283280831
79283280836
79283280840
79283280863
79283280866
79283280868
79283280887
79283280889
79283280901
79283280906
79283280931
79283280949
79283280953
79283280961
79283280962
79283280980
79283280991
79285650000
79285650025
79285650034
79285650039
79285650044
79285650060
79285650066
79285650069
79285650070
79285650074
79285650076
79285650081
79285650089
79285650096
79285650101
79285650105
79285650106
79285650115
79285650120
79285650131
79285650134
79285650139
79285650140
79285650164
79285650166
79285650177
79285650184
79285650186
79285650189
79285650196
79285650201
79285650209
79285650225
79285650230
79285650255
79285650261
79285650279
79285650288
79285650291
79285650295
79285650300
79285650310
79285650326
79285650330
79285650333
79285650347
79285650348
79285650350
79285650352
79285650359
79285650361
79285650367
79285650370
79285650375
79285650387
79285650389
79285650399
79285650405
79285650409
79285650423
79285650432
79285650445
79285650455
79285650457
79285650462
79285650473
79285650483
79285650486
79285650492
79285650498
79285650523
79285650535
79285650537
79285650553
79285650555
79285650560
79285650563
79285650566
79285650569
79285650594
79285650595
79285650611
79285650615
79285650635
79285650638
79285650640
79285650641
79285650648
79285650655
79285650666
79285650674
79285650678
79285650680
79285650683
79285650693
79285650694
79285650703
79285650733
79285650736
79285650742
79285650769
79285650789
79285650808
79285650810
79285650821
79285650828
79285650833
79285650839
79285650840
79285650841
79285650846
79285650868
79285650869
79285650872
79285650877
79285650888
79285650890
79285650892
79285650909
79285650923
79285650934
79285650939
79285650944
79285650945
79285650946
79285650952
79285650953
79285650964
79285650981
79285650992
79287130003
79287130009
79287130019
79287130027
79287130030
79287130045
79287130053
79287130054
79287130058
79287130061
79287130064
79287130074
79287130077
79287130090
79287130102
79287130107
79287130114
79287130144
79287130148
79287130153
79287130170
79287130176
79287130180
79287130184
79287130200
79287130216
79287130225
79287130233
79287130234
79287130247
79287130260
79287130262
79287130266
79287130297
79287130303
79287130304
79287130315
79287130317
79287130332
79287130351
79287130354
79287130360
79287130371
79287130375
79287130403
79287130424
79287130434
79287130435
79287130441
79287130447
79287130448
79287130470
79287130473
79287130479
79287130482
79287130494
79287130495
79287130506
79287130511
79287130514
79287130530
79287130536
79287130539
79287130541
79287130554
79287130555
79287130557
79287130587
79287130595
79287130604
79287130617
79287130630
79287130633
79287130644
79287130650
79287130659
79287130661
79287130665
79287130670
79287130686
79287130689
79287130710
79287130730
79287130733
79287130735
79287130738
79287130741
79287130746
79287130751
79287130757
79287130760
79287130763
79287130769
79287130776
79287130795
79287130809
79287130838
79287130839
79287130842
79287130848
79287130850
79287130854
79287130855
79287130863
79287130867
79287130886
79287130893
79287130895
79287130898
79287130902
79287130909
79287130917
79287130919
79287130920
79287130922
79287130925
79287130933
79287130934
79287130938
79287130942
79287130954
79287130964
79287130971
79287130973
79287130980
79287130986
79287130996
79293740004
79293740007
79293740018
79293740024
79293740033
79293740047
79293740053
79293740057
79293740059
79293740061
79293740081
79293740086
79293740094
79293740102
79293740111
79293740117
79293740121
79293740128
79293740131
79293740138
79293740143
79293740144
79293740149
79293740153
79293740154
79293740155
79293740158
79293740159
79293740162
79293740174
79293740178
79293740180
79293740182
79293740188
79293740193
79293740195
79293740200
79293740205
79293740213
79293740225
79293740235
79293740251
79293740277
79293740278
79293740289
79293740291
79293740298
79293740309
79293740315
79293740316
79293740317
79293740338
79293740340
79293740344
79293740355
79293740358
79293740362
79293740375
79293740392
79293740397
79293740402
79293740407
79293740408
79293740434
79293740437
79293740445
79293740447
79293740454
79293740455
79293740462
79293740467
79293740471
79293740484
79293740495
79293740513
79293740514
79293740518
79293740521
79293740526
79293740527
79293740541
79293740543
79293740552
79293740561
79293740563
79293740572
79293740580
79293740587
79293740603
79293740608
79293740632
79293740634
79293740636
79293740637
79293740638
79293740650
79293740660
79293740665
79293740666
79293740670
79293740677
79293740683
79293740708
79293740710
79293740720
79293740728
79293740736
79293740782
79293740786
79293740788
79293740794
79293740795
79293740796
79293740800
79293740808
79293740814
79293740820
79293740827
79293740828
79293740833
79293740843
79293740847
79293740850
79293740884
79293740887
79293740903
79293740914
79293740932
79293740939
79293740944
79293740948
79293740953
79293740956
79293740958
79293740959
79293740962
79293740963
79293740969
79293740979
79293740987
79293740994
79293740997
79296470004
79296470008
79296470009
79296470014
79296470028
79296470046
79296470049
79296470060
79296470075
79296470082
79296470109
79296470136
79296470139
79296470143
79296470158
79296470168
79296470169
79296470172
79296470175
79296470181
79296470184
79296470203
79296470205
79296470218
79296470222
79296470224
79296470226
79296470227
79296470242
79296470249
79296470261
79296470267
79296470272
79296470278
79296470285
79296470296
79296470301
79296470309
79296470313
79296470317
79296470323
79296470337
79296470360
79296470367
79296470369
79296470371
79296470382
79296470400
79296470407
79296470414
79296470427
79296470430
79296470434
79296470439
79296470440
79296470449
79296470464
79296470468
79296470469
79296470475
79296470479
79296470485
79296470501
79296470504
79296470511
79296470515
79296470525
79296470526
79296470535
79296470553
79296470563
79296470566
79296470586
79296470591
79296470602
79296470615
79296470620
79296470631
79296470633
79296470634
79296470635
79296470639
79296470640
79296470649
79296470654
79296470657
79296470664
79296470679
79296470682
79296470688
79296470689
79296470697
79296470705
79296470719
79296470727
79296470738
79296470752
79296470774
79296470777
79296470783
79296470786
79296470795
79296470797
79296470798
79296470800
79296470814
79296470825
79296470843
79296470844
79296470847
79296470852
79296470856
79296470857
79296470858
79296470859
79296470860
79296470872
79296470880
79296470882
79296470885
79296470892
79296470915
79296470920
79296470934
79296470936
79296470937
79296470947
79296470951
79296470955
79296470961
79296470975
79296470978
79296470980
79296470990
79308130007
79308130012
79308130017
79308130025
79308130026
79308130027
79308130035
79308130051
79308130056
79308130057
79308130058
79308130059
79308130068
79308130072
79308130075
79308130076
79308130086
79308130089
79308130091
79308130097
79308130120
79308130126
79308130142
79308130143
79308130145
79308130160
79308130168
79308130171
79308130179
79308130195
79308130198
79308130199
79308130212
79308130215
79308130217
79308130220
79308130222
79308130226
79308130233
79308130248
79308130260
79308130277
79308130285
79308130289
79308130301
79308130307
79308130328
79308130336
79308130338
79308130350
79308130357
79308130359
79308130363
79308130364
79308130373
79308130386
79308130409
79308130412
79308130413
79308130417
79308130418
79308130425
79308130430
79308130433
79308130436
79308130456
79308130465
79308130469
79308130471
79308130476
79308130486
79308130495
79308130498
79308130513
79308130514
79308130515
79308130527
79308130530
79308130534
79308130541
79308130546
79308130551
79308130563
79308130567
79308130573
79308130579
79308130583
79308130587
79308130612
79308130622
79308130644
79308130650
79308130659
79308130662
79308130665
79308130666
79308130680
79308130683
79308130695
79308130713
79308130722
79308130735
79308130748
79308130751
79308130752
79308130753
79308130757
79308130761
79308130764
79308130773
79308130787
79308130789
79308130794
79308130797
79308130807
79308130816
79308130818
79308130822
79308130827
79308130840
79308130841
79308130846
79308130852
79308130863
79308130866
79308130878
79308130886
79308130888
79308130893
79308130904
79308130908
79308130911
79308130924
79308130928
79308130938
79308130951
79308130953
79308130965
79308130979
79308130980
79308130990
79339300002
79339300037
79339300041
79339300053
79339300065
79339300067
79339300102
79339300107
79339300108
79339300111
79339300117
79339300118
79339300119
79339300122
79339300128
79339300130
79339300133
79339300141
79339300146
79339300149
79339300162
79339300166
79339300168
79339300173
79339300176
79339300181
79339300186
79339300207
79339300220
79339300223
79339300243
79339300249
79339300254
79339300256
79339300261
79339300272
79339300273
79339300274
79339300281
79339300282
79339300316
79339300334
79339300336
79339300339
79339300349
79339300354
79339300356
79339300366
79339300374
79339300379
79339300406
79339300410
79339300416
79339300427
79339300428
79339300432
79339300441
79339300447
79339300448
79339300456
79339300467
79339300470
79339300471
79339300472
79339300475
79339300494
79339300528
79339300532
79339300533
79339300535
79339300552
79339300566
79339300593
79339300597
79339300599
79339300608
79339300615
79339300617
79339300621
79339300622
79339300625
79339300630
79339300632
79339300643
79339300672
79339300673
79339300685
79339300689
79339300694
79339300708
79339300713
79339300716
79339300719
79339300731
79339300734
79339300735
79339300752
79339300753
79339300759
79339300762
79339300780
79339300783
79339300786
79339300798
79339300810
79339300817
79339300829
79339300832
79339300834
79339300836
79339300839
79339300842
79339300874
79339300891
79339300900
79339300908
79339300926
79339300927
79339300943
79339300950
79339300958
79339300960
79339300965
79339300969
79339300980
79339300993
79339300998
79372820004
79372820007
79372820018
79372820023
79372820052
79372820066
79372820068
79372820074
79372820076
79372820085
79372820090
79372820101
79372820108
79372820111
79372820115
79372820126
79372820137
79372820140
79372820146
79372820159
79372820168
79372820195
79372820203
79372820210
79372820221
79372820227
79372820229
79372820233
79372820234
79372820237
79372820249
79372820256
79372820266
79372820282
79372820292
79372820295
79372820296
79372820300
79372820305
79372820307
79372820349
79372820350
79372820357
79372820358
79372820360
79372820389
79372820394
79372820398
79372820404
79372820427
79372820428
79372820429
79372820434
79372820450
79372820451
79372820452
79372820454
79372820463
79372820473
79372820479
79372820484
79372820495
79372820497
79372820503
79372820506
79372820514
79372820520
79372820522
79372820538
79372820541
79372820548
79372820565
79372820585
79372820586
79372820592
79372820596
79372820598
79372820603
79372820608
79372820609
79372820614
79372820636
79372820637
79372820645
79372820648
79372820650
79372820657
79372820667
79372820669
79372820671
79372820684
79372820697
79372820698
79372820699
79372820710
79372820714
79372820715
79372820721
79372820735
79372820743
79372820748
79372820749
79372820757
79372820758
79372820759
79372820776
79372820789
79372820790
79372820797
79372820799
79372820806
79372820812
79372820814
79372820825
79372820833
79372820834
79372820848
79372820851
79372820852
79372820868
79372820876
79372820879
79372820881
79372820885
79372820890
79372820896
79372820913
79372820916
79372820925
79372820928
79372820935
79372820958
79372820959
79372820962
79372820965
79372820979
79372820988
79372820999
79377250003
79377250007
79377250013
79377250016
79377250017
79377250025
79377250029
79377250054
79377250065
79377250067
79377250071
79377250082
79377250086
79377250094
79377250099
79377250107
79377250116
79377250130
79377250133
79377250143
79377250146
79377250148
79377250149
79377250156
79377250167
79377250189
79377250196
79377250206
79377250209
79377250220
79377250222
79377250230
79377250245
79377250255
79377250258
79377250261
79377250278
79377250301
79377250310
79377250312
79377250321
79377250335
79377250341
79377250343
79377250350
79377250352
79377250359
79377250365
79377250370
79377250378
79377250391
79377250394
79377250401
79377250409
79377250412
79377250422
79377250425
79377250432
79377250437
79377250441
79377250443
79377250464
79377250474
79377250481
79377250482
79377250501
79377250523
79377250533
79377250536
79377250545
79377250558
79377250564
79377250571
79377250581
79377250584
79377250592
79377250603
79377250619
79377250633
79377250649
79377250665
79377250669
79377250670
79377250682
79377250704
79377250705
79377250708
79377250718
79377250725
79377250734
79377250743
79377250748
79377250751
79377250771
79377250776
79377250782
79377250794
79377250799
79377250803
79377250806
79377250809
79377250815
79377250819
79377250821
79377250822
79377250823
79377250841
79377250871
79377250881
79377250887
79377250888
79377250900
79377250902
79377250903
79377250904
79377250908
79377250915
79377250926
79377250933
79377250936
79377250943
79377250953
79377250959
79377250962
79377250966
79377250970
79377250978
79377250980
79377250984
79377250988
79377250998
79386940000
79386940003
79386940008
79386940009
79386940016
79386940017
79386940021
79386940025
79386940061
79386940064
79386940069
79386940071
79386940074
79386940075
79386940096
79386940099
79386940110
79386940113
79386940117
79386940119
79386940124
79386940140
79386940143
79386940153
79386940154
79386940164
79386940171
79386940177
79386940222
79386940233
79386940234
79386940239
79386940246
79386940253
79386940259
79386940264
79386940265
79386940271
79386940280
79386940290
79386940293
79386940298
79386940305
79386940323
79386940330
79386940331
79386940332
79386940343
79386940351
79386940368
79386940374
79386940379
79386940380
79386940381
79386940383
79386940385
79386940394
79386940396
79386940400
79386940402
79386940414
79386940434
79386940443
79386940466
79386940469
79386940470
79386940480
79386940483
79386940485
79386940491
79386940497
79386940498
79386940501
79386940537
79386940538
79386940541
79386940542
79386940551
79386940557
79386940585
79386940592
79386940595
79386940602
79386940605
79386940613
79386940617
79386940618
79386940619
79386940621
79386940623
79386940628
79386940635
79386940638
79386940645
79386940667
79386940686
79386940700
79386940706
79386940716
79386940725
79386940743
79386940748
79386940752
79386940768
79386940773
79386940788
79386940789
79386940790
79386940791
79386940793
79386940794
79386940795
79386940800
79386940801
79386940809
79386940816
79386940838
79386940839
79386940842
79386940846
79386940856
79386940865
79386940876
79386940877
79386940878
79386940880
79386940888
79386940889
79386940907
79386940908
79386940911
79386940919
79386940928
79386940930
79386940934
79386940941
79386940943
79386940948
79386940949
79386940959
79386940962
79386940982