249100012594
249100013961
249100027703
249100029499
249100040856
249100043440
249100047687
249100061234
249100077009
249100077465
249100083102
249100083708
249100088717
249100094366
249100100389
249100105547
249100109159
249100116145
249100133117
249100142293
249100144779
249100152082
249100152403
249100161215
249100172145
249100187766
249100190674
249100199331
249100203037
249100207710
249100212041
249100217544
249100224258
249100224670
249100226793
249100233201
249100233423
249100236368
249100240002
249100248427
249100252425
249100258311
249100259646
249100262133
249100266163
249100269035
249100269453
249100271180
249100277611
249100299939
249100307308
249100323189
249100325239
249100327293
249100327754
249100334524
249100334611
249100344774
249100347540
249100365919
249100371103
249100374811
249100376255
249100377710
249100381567
249100382486
249100384874
249100386597
249100387564
249100388757
249100396063
249100404467
249100414463
249100422964
249100428302
249100430812
249100438819
249100452740
249100456114
249100457597
249100465419
249100467563
249100473328
249100489272
249100493607
249100529726
249100533848
249100534557
249100546584
249100546811
249100550402
249100560971
249100561603
249100565114
249100565299
249100567895
249100568257
249100578561
249100579611
249100592015
249100592457
249100596678
249100599718
249100600235
249100601027
249100618869
249100619945
249100631027
249100632956
249100633278
249100637559
249100643575
249100644320
249100648190
249100656509
249100666477
249100667003
249100679271
249100681264
249100682170
249100684789
249100685304
249100686576
249100690762
249100699783
249100709517
249100716562
249100723411
249100767701
249100770958
249100788251
249100802958
249100805655
249100807668
249100816787
249100818663
249100833324
249100855174
249100874546
249100877491
249100890028
249100895250
249100896383
249100896816
249100906498
249100911478
249100933286
249100941946
249100944730
249100948735
249100950157
249100956893
249100957040
249100957427
249100957943
249100975319
249100979594
249100986481
249100986984
249100990973
249101178337
249101214323
249101346469
249101358566
249101361518
249101430035
249101517747
249101604262
249101651329
249101654015
249101726685
249101933978
249101967077
249102101280
249102210026
249102304867
249102442050
249102551614
249102803861
249102944617
249103171894
249103342856
249103439974
249103442314
249103474777
249103535597
249103553422
249103573889
249103707536
249103795712
249103852353
249103888467
249104011860
249104105028
249104185945
249105276044
249105484485
249106148956
249106295747
249106297409
249106301766
249106414178
249106725751
249106726714
249106730564
249106772508
249106788327
249106893694
249106961236
249107208447
249108160478
249108815231
249108876593
249109087842
249109107092
249109219565
249109281785
249109301678
249109333698
249109362753
249109386209
249109396085
249109497601
249109552341
249109627594
249109831745
249109995637
249110004965
249110018016
249110021812
249110022591
249110039132
249110042537
249110044743
249110057093
249110066677
249110070489
249110076366
249110080196
249110080953
249110100959
249110102034
249110106856
249110111092
249110112280
249110113225
249110113602
249110114737
249110116717
249110134378
249110135533
249110139653
249110141321
249110155215
249110163262
249110164505
249110172558
249110173064
249110174364
249110174815
249110178920
249110182217
249110191497
249110196295
249110198794
249110220136
249110220168
249110227064
249110254267
249110262544
249110270292
249110280569
249110281208
249110286280
249110288976
249110290704
249110293426
249110301057
249110302413
249110306138
249110309934
249110312869
249110312880
249110319419
249110319624
249110320353
249110326567
249110335470
249110350607
249110353636
249110354006
249110356093
249110358691
249110364026
249110369134
249110374713
249110375367
249110376635
249110377275
249110387354
249110394261
249110395140
249110396514
249110397208
249110397880
249110400508
249110401146
249110401162
249110402203
249110403287
249110405453
249110406155
249110406340
249110406342
249110406678
249110447419
249110468559
249110472295
249110473359
249110485138
249110485808
249110496469
249110498697
249110500039
249110515460
249110518974
249110527853
249110532017
249110532230
249110539455
249110539529
249110540074
249110541905
249110544089
249110550315
249110553157
249110553442
249110555450
249110562762
249110563547
249110577457
249110579145
249110579161
249110583789
249110596612
249110599015
249110602880
249110606466
249110615900
249110628635
249110637437
249110637766
249110646078
249110655173
249110677406
249110677567
249110685668
249110689548
249110690086
249110698285
249110700172
249110700311
249110700425
249110700650
249110705606
249110714889
249110715254
249110715930
249110725347
249110726933
249110747273
249110748423
249110749112
249110751883
249110752005
249110752147
249110773791
249110774633
249110777928
249110782652
249110787451
249110791970
249110792925
249110797947
249110799828
249110804078
249110807047
249110817144
249110818115
249110820144
249110820909
249110823777
249110825683
249110827633
249110830404
249110830437
249110830727
249110836098
249110839580
249110839595
249110844972
249110848893
249110852568
249110853027
249110854119
249110855931
249110859807
249110860151
249110866575
249110868061
249110869119
249110873835
249110874526
249110874651
249110876055
249110877548
249110878010
249110878356
249110880886
249110884304
249110887649
249110889301
249110890538
249110892409
249110896892
249110902907
249110911885
249110916631
249110917567
249110924257
249110925969
249110933646
249110933726
249110936612
249110943519
249110950672
249110951411
249110956194
249110963530
249110964313
249110971719
249110971934
249110973804
249110982070
249110986197
249110987236
249110990777
249110992670
249110992895
249110992959
249110994169
249111000060
249111001588
249111004421
249111004719
249111005992
249111015777
249111015909
249111026118
249111029616
249111033198
249111036860
249111039512
249111048254
249111051945
249111052002
249111057189
249111060784
249111061268
249111061815
249111062002
249111062768
249111068029
249111068464
249111068976
249111070558
249111071234
249111071406
249111071551
249111072019
249111072867
249111075069
249111076229
249111076390
249111077424
249111077541
249111078775
249111079597
249111097894
249111101534
249111103312
249111103859
249111104999
249111105248
249111108999
249111109893
249111111428
249111112904
249111114608
249111117431
249111124293
249111124319
249111127683
249111136516
249111136735
249111137530
249111143705
249111145467
249111145650
249111154793
249111155547
249111157999
249111159753
249111163386
249111163392
249111165045
249111169246
249111169551
249111170951
249111172344
249111176762
249111178550
249111179065
249111180912
249111183684
249111186381
249111187806
249111192702
249111196410
249111196739
249111196783
249111197036
249111197954
249111198439
249111200901
249111204055
249111205122
249111205298
249111207091
249111208026
249111216246
249111217515
249111221215
249111221413
249111223822
249111224062
249111226308
249111227338
249111230916
249111231056
249111232268
249111232697
249111234697
249111236553
249111240000
249111240215
249111246777
249111252938
249111256613
249111258801
249111259726
249111259746
249111262818
249111264538
249111269275
249111271522
249111275421
249111276748
249111277954
249111278886
249111280964
249111281839
249111282249
249111286666
249111296836
249111297704
249111298153
249111298931
249111308043
249111308965
249111309758
249111313115
249111320203
249111321233
249111324241
249111324321
249111326804
249111330509
249111330922
249111331820
249111333601
249111343125
249111347136
249111348027
249111349029
249111349385
249111352413
249111356843
249111361820
249111370445
249111371209
249111372020
249111372129
249111377104
249111382725
249111384525
249111384801
249111388164
249111389238
249111391725
249111395142
249111408240
249111408861
249111409406
249111411285
249111411523
249111415641
249111419098
249111421310
249111423667
249111423791
249111425188
249111425408
249111431863
249111432730
249111435107
249111439763
249111444424
249111458707
249111464964
249111467088
249111467605
249111468995
249111471619
249111483311
249111483873
249111485709
249111488229
249111491720
249111503413
249111503900
249111504650
249111504680
249111505839
249111505908
249111506676
249111508008
249111513124
249111514131
249111514827
249111524274
249111524940
249111532414
249111533066
249111535092
249111536384
249111538879
249111540734
249111540876
249111541460
249111547301
249111547314
249111547879
249111548969
249111549091
249111555797
249111556101
249111556669
249111570049
249111571722
249111573108
249111576520
249111576847
249111577617
249111579056
249111580089
249111580418
249111580728
249111583928
249111586406
249111589786
249111589966
249111590017
249111594817
249111598384
249111605233
249111605698
249111609108
249111616212
249111617295
249111617939
249111627002
249111630154
249111633252
249111635310
249111640130
249111641950
249111644371
249111652159
249111656170
249111662988
249111665485
249111665888
249111668496
249111669887
249111672559
249111676896
249111680439
249111682211
249111686922
249111693401
249111694820
249111701968
249111705296
249111714122
249111716034
249111716456
249111716797
249111734016
249111740109
249111741351
249111741460
249111742465
249111745123
249111746285
249111747590
249111756315
249111756364
249111758523
249111760140
249111762108
249111762722
249111765514
249111772662
249111773603
249111773974
249111775033
249111775842
249111801757
249111805537
249111806731
249111807123
249111807324
249111808519
249111810034
249111810528
249111813318
249111813674
249111813843
249111814651
249111819349
249111822878
249111823684
249111837556
249111838225
249111850969
249111858611
249111864569
249111876042
249111882182
249111882186
249111902563
249111905353
249111908164
249111912353
249111915383
249111916176
249111916578
249111918338
249111919474
249111919533
249111927848
249111934856
249111934871
249111937521
249111944771
249111945317
249111946679
249111949194
249111949521
249111952396
249111955512
249111977638
249111985511
249111986443
249111986572
249111989329
249111992325
249112000245
249112004158
249112007125
249112007840
249112010036
249112010320
249112025879
249112030282
249112050616
249112051921
249112053355
249112068468
249112075740
249112076568
249112076973
249112080279
249112081483
249112085460
249112087549
249112093372
249112096181
249112098760
249112100938
249112101543
249112104229
249112116374
249112120276
249112120653
249112121219
249112126868
249112131659
249112140484
249112141748
249112143401
249112144575
249112147094
249112149126
249112150024
249112151290
249112160822
249112165887
249112172077
249112175003
249112179900
249112184242
249112191697
249112192363
249112196578
249112196849
249112206873
249112213968
249112220458
249112220709
249112223094
249112224189
249112228564
249112230360
249112232804
249112237597
249112238715
249112244759
249112245072
249112246567
249112255711
249112257655
249112260422
249112264896
249112267170
249112270835
249112280020
249112281640
249112283225
249112285416
249112289174
249112289896
249112290347
249112290986
249112292424
249112293019
249112293022
249112304904
249112304999
249112310379
249112312122
249112312377
249112314237
249112320253
249112321111
249112327181
249112339709
249112340284
249112345082
249112353489
249112354119
249112359064
249112360200
249112366333
249112366840
249112367047
249112380092
249112380967
249112381459
249112387872
249112391238
249112406432
249112406616
249112408844
249112411830
249112412233
249112412964
249112418004
249112422885
249112425014
249112442318
249112444834
249112449518
249112450144
249112453001
249112454726
249112455387
249112459464
249112461228
249112465156
249112466180
249112471231
249112477401
249112485027
249112485367
249112485862
249112493233
249112493442
249112495217
249112507400
249112508456
249112512113
249112512860
249112515892
249112523407
249112524521
249112524551
249112524754
249112527441
249112529821
249112547398
249112550511
249112560112
249112560701
249112561233
249112565170
249112567468
249112570212
249112571488
249112572986
249112581359
249112586094
249112589996
249112593856
249112595672
249112598646
249112602631
249112603784
249112612229
249112614398
249112628374
249112633572
249112643658
249112652399
249112669798
249112671501
249112674859
249112678567
249112680137
249112686707
249112693320
249112696960
249112698245
249112701011
249112701890
249112702524
249112706948
249112713810
249112728868
249112738984
249112741858
249112747222
249112749700
249112760625
249112765129
249112766548
249112773386
249112778711
249112779780
249112780690
249112780760
249112781080
249112781508
249112782124
249112782306
249112783701
249112800420
249112800443
249112803880
249112808440
249112817463
249112819191
249112821738
249112828609
249112832712
249112838925
249112841590
249112842623
249112845156
249112848591
249112850645
249112855090
249112855409
249112860445
249112866111
249112869427
249112870071
249112876115
249112877563
249112885400
249112886355
249112887263
249112888633
249112889526
249112892298
249112903925
249112906174
249112907870
249112929280
249112951137
249112951244
249112956032
249112963117
249112963188
249112969186
249112971305
249112976679
249112979566
249112981646
249112981939
249112991148
249113003726
249113005397
249113005726
249113005930
249113006421
249113007138
249113014387
249113014470
249113019047
249113019718
249113020343
249113024059
249113024931
249113030846
249113032033
249113032845
249113034239
249113034816
249113034968
249113042960
249113055650
249113069958
249113070558
249113071934
249113074712
249113076491
249113076738
249113078153
249113085048
249113089141
249113091629
249113092274
249113092947
249113096644
249113098252
249113098964
249113100199
249113102644
249113103513
249113108698
249113109877
249113110168
249113110356
249113111103
249113111315
249113111522
249113111635
249113112287
249113114339
249113114846
249113118663
249113120260
249113120990
249113123214
249113124455
249113130113
249113131710
249113134377
249113141585
249113145242
249113146436
249113147016
249113150241
249113151164
249113158620
249113160155
249113162570
249113165635
249113169775
249113177952
249113179971
249113184158
249113185308
249113188254
249113188273
249113191217
249113200477
249113201499
249113204231
249113205594
249113206222
249113207777
249113209988
249113210252
249113212154
249113215218
249113216415
249113217050
249113223464
249113224313
249113233742
249113238237
249113243033
249113256054
249113256359
249113263733
249113268130
249113272503
249113272890
249113274807
249113275775
249113277172
249113279314
249113280694
249113280698
249113280763
249113280961
249113282526
249113287228
249113299613
249113302249
249113305473
249113309064
249113309689
249113317465
249113318064
249113322527
249113330366
249113340276
249113341857
249113343345
249113349072
249113355698
249113359130
249113362592
249113362928
249113363334
249113364614
249113364724
249113367312
249113367910
249113376467
249113376703
249113377442
249113381798
249113384146
249113388800
249113397508
249113398874
249113401012
249113401491
249113403718
249113413609
249113413748
249113417351
249113419541
249113420300
249113420946
249113424000
249113427769
249113428976
249113440905
249113441999
249113442854
249113445560
249113447500
249113451465
249113452745
249113457431
249113458839
249113459012
249113459864
249113464752
249113465284
249113470212
249113472414
249113477352
249113483033
249113486541
249113491216
249113499557
249113504270
249113510289
249113513390
249113514151
249113517381
249113518995
249113521228
249113523371
249113528134
249113528293
249113528397
249113531444
249113532402
249113534812
249113538378
249113540973
249113546639
249113547814
249113550505
249113550688
249113551310
249113552761
249113554515
249113560690
249113562172
249113565651
249113565721
249113570388
249113572781
249113574092
249113580240
249113586680
249113591907
249113593198
249113593726
249113599099
249113601262
249113601513
249113603903
249113605271
249113606990
249113608124
249113613659
249113614528
249113616619
249113618599
249113621193
249113622402
249113627745
249113628459
249113631578
249113631760
249113632163
249113633566
249113633712
249113636487
249113637313
249113640105
249113640489
249113641589
249113642302
249113645441
249113652534
249113653266
249113656930
249113658445
249113659224
249113659621
249113659698
249113661530
249113662015
249113664710
249113668348
249113669231
249113669479
249113671386
249113671975
249113672345
249113672879
249113675022
249113677653
249113699387
249113699491
249113704410
249113704674
249113706173
249113706212
249113731171
249113734882
249113744331
249113746261
249113746881
249113749610
249113751371
249113751834
249113753552
249113756468
249113757417
249113760567
249113760680
249113762073
249113762137
249113762688
249113765139
249113765740
249113766382
249113766701
249113767864
249113769732
249113770121
249113771083
249113773265
249113774507
249113775401
249113775849
249113778248
249113785140
249113786110
249113786914
249113787841
249113789709
249113791143
249113792321
249113794104
249113795042
249113795393
249113796211
249113798580
249113799582
249113800741
249113800976
249113802820
249113805840
249113806476
249113807337
249113808951
249113810125
249113810730
249113811515
249113812174
249113814182
249113814234
249113818721
249113819772
249113820893
249113824320
249113826003
249113827324
249113827476
249113829686
249113830037
249113831848
249113837650
249113840728
249113844533
249113846356
249113850924
249113855874
249113860514
249113867847
249113868146
249113869409
249113874184
249113874462
249113875648
249113880241
249113880334
249113883775
249113883827
249113884195
249113885328
249113887344
249113887945
249113888267
249113888507
249113888692
249113888791
249113892445
249113893442
249113895388
249113898333
249113908105
249113909058
249113910131
249113910805
249113911059
249113913919
249113916947
249113918274
249113921373
249113922389
249113923025
249113923724
249113926639
249113928573
249113930314
249113930860
249113934652
249113942419
249113956227
249113956333
249113957554
249113957918
249113961420
249113962784
249113965491
249113984258
249113990013
249113991199
249113992006
249113994373
249113995443
249113997518
249113998990
249114001383
249114001440
249114001981
249114002582
249114005681
249114009066
249114012966
249114016532
249114017913
249114018315
249114028375
249114028823
249114030116
249114030397
249114030541
249114043850
249114045975
249114050098
249114052414
249114055358
249114058250
249114061220
249114061516
249114064061
249114068621
249114074607
249114081309
249114089699
249114089875
249114091941
249114092427
249114092596
249114102847
249114105301
249114106093
249114107156
249114112780
249114130850
249114133212
249114136449
249114144606
249114150287
249114154737
249114159387
249114159703
249114159963
249114161489
249114161533
249114162439
249114162781
249114163543
249114163746
249114168480
249114169226
249114172219
249114184383
249114184404
249114186760
249114187423
249114190617
249114192336
249114195670
249114198050
249114198934
249114199210
249114207578
249114216923
249114217770
249114218486
249114235003
249114244589
249114247664
249114248784
249114251131
249114251944
249114253081
249114253288
249114259671
249114260695
249114264789
249114266630
249114282590
249114291159
249114294825
249114295574
249114300024
249114300860
249114306708
249114320515
249114327849
249114329433
249114331960
249114338382
249114344077
249114346031
249114350179
249114356743
249114357329
249114360245
249114362270
249114365364
249114366164
249114369904
249114370171
249114370255
249114372092
249114374765
249114383588
249114385129
249114391613
249114393335
249114401339
249114403987
249114410399
249114412837
249114414820
249114419122
249114419581
249114420162
249114423870
249114430974
249114435822
249114438027
249114438286
249114440550
249114442620
249114445599
249114446526
249114451965
249114463408
249114474228
249114482583
249114483400
249114485701
249114487158
249114495817
249114499691
249114501285
249114503077
249114515067
249114516630
249114517221
249114518995
249114522778
249114532437
249114532547
249114535564
249114540158
249114544794
249114547044
249114549600
249114555000
249114555382
249114556199
249114557340
249114568155
249114574859
249114578968
249114582132
249114582268
249114597746
249114598630
249114601331
249114601873
249114602222
249114607911
249114610286
249114611318
249114613259
249114613493
249114613537
249114621640
249114622624
249114626321
249114627750
249114629626
249114638218
249114639316
249114642345
249114644467
249114644885
249114645966
249114658029
249114660190
249114662762
249114667315
249114667348
249114667491
249114675510
249114675841
249114677450
249114677643
249114678961
249114683897
249114685225
249114693786
249114703043
249114705366
249114707805
249114709415
249114709417
249114712557
249114718221
249114725227
249114726766
249114740041
249114741317
249114750705
249114751064
249114753119
249114754193
249114754346
249114754829
249114757586
249114760676
249114762460
249114763261
249114763485
249114763857
249114763901
249114766664
249114767115
249114778089
249114780729
249114803798
249114808842
249114824574
249114827741
249114828672
249114833758
249114835386
249114837957
249114843112
249114848200
249114850095
249114850918
249114852819
249114854741
249114855099
249114858133
249114861366
249114865169
249114867610
249114868384
249114868535
249114875936
249114876497
249114876644
249114879095
249114884935
249114886318
249114886538
249114889774
249114896292
249114899397
249114899550
249114900682
249114907802
249114909127
249114910339
249114912710
249114914264
249114921417
249114921597
249114921941
249114924278
249114924936
249114925901
249114933276
249114936574
249114937721
249114937982
249114941046
249114941954
249114942127
249114944020
249114948117
249114948375
249114953925
249114955473
249114955757
249114959762
249114961801
249114964644
249114965402
249114965819
249114966377
249114977434
249115001612
249115003164
249115004765
249115010865
249115014206
249115014749
249115015203
249115021603
249115027412
249115031272
249115033038
249115035204
249115038507
249115041795
249115043563
249115055718
249115058466
249115060455
249115065200
249115066238
249115071330
249115071338
249115074484
249115097816
249115099263
249115099875
249115103427
249115103922
249115107969
249115108310
249115126188
249115126769
249115128286
249115128959
249115131579
249115133308
249115136952
249115138112
249115148115
249115166062
249115173040
249115180829
249115182083
249115183804
249115196033
249115211932
249115220965
249115223943
249115224101
249115226364
249115228150
249115228821
249115237378
249115241619
249115242026
249115247183
249115248511
249115249853
249115251313
249115258872
249115263896
249115266319
249115267170
249115270152
249115271454
249115276757
249115278567
249115284384
249115289152
249115289294
249115289305
249115293277
249115297666
249115298376
249115308954
249115315110
249115315841
249115316460
249115318483
249115329362
249115330362
249115331620
249115335408
249115336492
249115340860
249115341561
249115341599
249115341875
249115343738
249115351226
249115352720
249115353333
249115354392
249115362835
249115365874
249115366045
249115367864
249115372163
249115373864
249115375210
249115381995
249115383626
249115389235
249115393408
249115393459
249115398637
249115400730
249115402818
249115403178
249115404644
249115407092
249115408370
249115409131
249115415881
249115417967
249115425244
249115428548
249115433577
249115436304
249115436696
249115437981
249115443449
249115446175
249115448054
249115453672
249115455130
249115455427
249115457092
249115461961
249115472241
249115472950
249115474234
249115476185
249115482670
249115488898
249115490147
249115492750
249115496067
249115503202
249115507524
249115510954
249115512378
249115512700
249115520888
249115525951
249115533782
249115534740
249115535693
249115542513
249115546534
249115547787
249115558734
249115562577
249115562872
249115564998
249115566420
249115568509
249115568998
249115582299
249115585696
249115595920
249115597178
249115600511
249115605055
249115609209
249115609240
249115614498
249115614670
249115617740
249115620812
249115623326
249115624079
249115625848
249115627845
249115629686
249115634608
249115637192
249115641404
249115642112
249115643358
249115644092
249115657647
249115658467
249115658943
249115662160
249115662874
249115664672
249115667904
249115670957
249115675068
249115676474
249115678263
249115682828
249115683116
249115685332
249115687996
249115693999
249115694910
249115694929
249115700367
249115701164
249115701298
249115702850
249115703689
249115704190
249115708694
249115721808
249115726975
249115741298
249115746312
249115749650
249115750606
249115755759
249115757109
249115763214
249115767504
249115776154
249115782349
249115795592
249115797762
249115797850
249115802868
249115805078
249115809593
249115816420
249115818927
249115821651
249115822470
249115822512
249115825252
249115826629
249115851103
249115858644
249115861172
249115862982
249115880765
249115883100
249115889140
249115896079
249115902826
249115903669
249115918887
249115921920
249115922995
249115926791
249115928915
249115930382
249115932626
249115946643
249115949432
249115952268
249115954459
249115955625
249115955744
249115962737
249115966777
249115971025
249115977214
249115978194
249115979306
249115983176
249115984538
249115990583
249115991268
249115995201
249116000706
249116001380
249116004360
249116009710
249116009724
249116011730
249116012671
249116013627
249116017834
249116026466
249116026782
249116028976
249116030631
249116032544
249116032738
249116034635
249116037607
249116043997
249116044670
249116048978
249116051099
249116051112
249116052462
249116053017
249116053444
249116059576
249116063116
249116064029
249116066823
249116067195
249116083622
249116084849
249116087592
249116093235
249116096361
249116104278
249116113869
249116116128
249116119374
249116122714
249116124000
249116124405
249116125042
249116126680
249116128204
249116133152
249116135910
249116140312
249116146297
249116149523
249116149793
249116160997
249116166892
249116171255
249116171920
249116178376
249116179038
249116180826
249116189230
249116191807
249116192752
249116193415
249116195055
249116195955
249116199711
249116208992
249116212482
249116218880
249116219966
249116220125
249116220666
249116221692
249116223259
249116227261
249116228955
249116230293
249116230998
249116232324
249116233992
249116246097
249116247295
249116253218
249116273049
249116274045
249116277548
249116280233
249116280362
249116280490
249116280980
249116281206
249116281663
249116282481
249116293046
249116296830
249116305928
249116307041
249116310849
249116312544
249116314029
249116315035
249116321755
249116334943
249116337340
249116340090
249116343814
249116348914
249116350590
249116351676
249116353236
249116358061
249116358340
249116360738
249116360975
249116370406
249116375776
249116376276
249116377212
249116377888
249116387491
249116389835
249116391660
249116392371
249116396597
249116397445
249116409471
249116414714
249116417394
249116418011
249116419876
249116421394
249116432110
249116434329
249116435316
249116438003
249116449968
249116456441
249116456780
249116458359
249116460652
249116463734
249116464028
249116465061
249116468269
249116472341
249116477300
249116486125
249116489477
249116490052
249116500510
249116503280
249116503523
249116507110
249116508251
249116510157
249116511362
249116520610
249116537603
249116539784
249116541119
249116543022
249116546340
249116551986
249116553166
249116554885
249116562706
249116581451
249116584877
249116587423
249116602462
249116606252
249116617108
249116620785
249116621330
249116622734
249116630832
249116631110
249116632908
249116633851
249116639248
249116641345
249116643132
249116646102
249116656634
249116657770
249116660022
249116664017
249116667909
249116668785
249116669014
249116669131
249116672112
249116672383
249116676071
249116676176
249116676667
249116676996
249116682739
249116685332
249116687162
249116702266
249116712271
249116725154
249116727594
249116730231
249116731174
249116732707
249116732863
249116734761
249116742027
249116746864
249116747873
249116748119
249116748579
249116750260
249116755480
249116756281
249116770701
249116778264
249116782582
249116784193
249116784407
249116784719
249116790330
249116792531
249116795169
249116796655
249116797086
249116798830
249116799429
249116801705
249116801820
249116804184
249116808585
249116814570
249116827630
249116829941
249116832199
249116834253
249116840854
249116841651
249116844692
249116844952
249116846414
249116847227
249116848847
249116851986
249116861815
249116865643
249116866300
249116870970
249116873643
249116874719
249116880858
249116885494
249116888130
249116890385
249116892475
249116892626
249116899140
249116900378
249116905366
249116906132
249116906251
249116908710
249116911275
249116913342
249116917648
249116918816
249116920052
249116923825
249116925183
249116926728
249116929670
249116932028
249116933981
249116940267
249116945070
249116945755
249116957664
249116959118
249116959897
249116961912
249116964472
249116970337
249116977188
249116981255
249116982962
249116984205
249116987353
249116987978
249116999017
249117002354
249117002839
249117005120
249117007610
249117009453
249117012045
249117015819
249117021236
249117022079
249117025656
249117028419
249117029542
249117032469
249117033710
249117037179
249117040540
249117042603
249117043333
249117044890
249117048940
249117051223
249117051704
249117053564
249117054574
249117054951
249117055202
249117062590
249117069077
249117069708
249117071712
249117072145
249117092818
249117093877
249117094996
249117095004
249117096679
249117096903
249117100055
249117106279
249117109171
249117117553
249117119487
249117121037
249117121480
249117122143
249117124483
249117128555
249117129305
249117131313
249117134559
249117135105
249117138130
249117142343
249117147273
249117147836
249117149001
249117160195
249117160943
249117177716
249117183394
249117185096
249117186072
249117186364
249117189649
249117190066
249117190183
249117190491
249117191798
249117192461
249117193463
249117197383
249117198728
249117202376
249117205387
249117210025
249117211325
249117211792
249117219538
249117221447
249117229684
249117230661
249117231898
249117231945
249117232676
249117233098
249117233652
249117235086
249117236693
249117249582
249117257116
249117258050
249117258911
249117262530
249117264417
249117265070
249117265488
249117269191
249117269326
249117270404
249117270895
249117280075
249117284515
249117291022
249117302875
249117305231
249117307403
249117308577
249117312801
249117314866
249117316457
249117340930
249117340971
249117343630
249117346853
249117348468
249117350916
249117359073
249117360366
249117364861
249117370946
249117372506
249117379039
249117381790
249117382926
249117390375
249117390646
249117392060
249117395099
249117399609
249117401502
249117412379
249117418527
249117419376
249117420802
249117425404
249117441556
249117443644
249117443980
249117453774
249117453854
249117455445
249117455670
249117455844
249117456884
249117457467
249117459527
249117460027
249117461474
249117462265
249117463973
249117474677
249117482234
249117483708
249117483884
249117485078
249117507620
249117513629
249117515997
249117519104
249117523988
249117525638
249117528454
249117529533
249117532413
249117536043
249117538677
249117539298
249117545779
249117548769
249117550006
249117550533
249117551873
249117553184
249117553988
249117555515
249117563889
249117565085
249117582509
249117585912
249117586999
249117593537
249117598963
249117603181
249117612980
249117617758
249117622580
249117626228
249117626437
249117627885
249117629240
249117631840
249117633217
249117637150
249117642389
249117644457
249117645377
249117649026
249117653353
249117657509
249117659778
249117663919
249117667405
249117667796
249117669499
249117679006
249117681725
249117691597
249117691623
249117702645
249117704198
249117704520
249117705598
249117706998
249117708975
249117709596
249117710082
249117715754
249117719571
249117724455
249117731091
249117731768
249117733626
249117736305
249117737435
249117737791
249117739311
249117743204
249117747932
249117750670
249117751011
249117751279
249117751673
249117753886
249117759486
249117762732
249117766720
249117767190
249117770864
249117774702
249117775432
249117775508
249117780830
249117789746
249117796872
249117802285
249117803989
249117810297
249117813277
249117813666
249117815550
249117819995
249117822005
249117827614
249117828893
249117840673
249117854070
249117854244
249117862411
249117868223
249117888177
249117892621
249117893199
249117894948
249117895972
249117897861
249117899498
249117904023
249117904404
249117915094
249117916075
249117918471
249117919153
249117919558
249117922220
249117924149
249117927124
249117927767
249117931183
249117932241
249117933660
249117934684
249117934743
249117936052
249117937178
249117947666
249117950955
249117953949
249117957352
249117960146
249117964706
249117965546
249117977826
249117978946
249117982650
249117988537
249118002951
249118008866
249118018878
249118024387
249118027329
249118036332
249118038440
249118038876
249118042147
249118043440
249118044521
249118049107
249118049845
249118050113
249118050185
249118050367
249118052893
249118053105
249118059988
249118066047
249118066411
249118068205
249118071850
249118073398
249118077236
249118078097
249118083591
249118084220
249118093858
249118096134
249118099261
249118101367
249118104305
249118108428
249118118667
249118126051
249118126941
249118127372
249118127393
249118138522
249118139087
249118142224
249118143639
249118149330
249118155558
249118155756
249118155834
249118162653
249118163453
249118166441
249118167293
249118170141
249118176420
249118180344
249118181610
249118183234
249118191019
249118195362
249118197020
249118201186
249118203648
249118213986
249118217780
249118217889
249118218407
249118222804
249118229769
249118229912
249118231554
249118231810
249118233698
249118236879
249118238287
249118240147
249118245108
249118245227
249118245783
249118250649
249118255637
249118272385
249118278767
249118281147
249118289734
249118290336
249118292447
249118296699
249118298813
249118301062
249118308063
249118312384
249118312894
249118319437
249118325830
249118328710
249118330090
249118330559
249118334449
249118338641
249118338801
249118339242
249118343957
249118348447
249118355755
249118361451
249118364788
249118365245
249118369115
249118372215
249118376512
249118379197
249118379591
249118382099
249118387395
249118395642
249118397432
249118400272
249118405151
249118406836
249118411192
249118411813
249118414749
249118416480
249118419156
249118422849
249118424669
249118424923
249118430161
249118430163
249118431489
249118432036
249118433054
249118438304
249118448071
249118451282
249118461126
249118464794
249118477057
249118477799
249118484937
249118496077
249118507082
249118507442
249118510037
249118510934
249118512319
249118512578
249118515392
249118522037
249118529184
249118529892
249118538559
249118543571
249118547305
249118550217
249118554713
249118555851
249118557220
249118558941
249118569577
249118570132
249118576841
249118585592
249118594017
249118597655
249118602130
249118605042
249118607481
249118607865
249118607944
249118614581
249118617859
249118619170
249118620852
249118622294
249118624927
249118628209
249118630098
249118630430
249118630477
249118638537
249118641296
249118643580
249118648887
249118653685
249118655943
249118663574
249118664528
249118682502
249118685007
249118685372
249118687328
249118687752
249118688071
249118696715
249118700716
249118702724
249118704742
249118705581
249118706189
249118714118
249118724967
249118727869
249118730900
249118746576
249118747677
249118750599
249118753402
249118758162
249118764651
249118767375
249118767563
249118768529
249118768677
249118779142
249118780058
249118781301
249118793401
249118795372
249118798555
249118801780
249118802743
249118808866
249118810752
249118813134
249118815330
249118819074
249118820022
249118820071
249118827178
249118828502
249118828964
249118830177
249118832984
249118833632
249118836061
249118843386
249118846911
249118847399
249118847550
249118850020
249118854356
249118856160
249118860008
249118861896
249118863533
249118863796
249118874019
249118877226
249118880117
249118881533
249118887212
249118887724
249118889206
249118890551
249118896882
249118897208
249118897368
249118900119
249118905760
249118910596
249118912494
249118913316
249118917570
249118919498
249118924711
249118930273
249118933611
249118942265
249118943465
249118945691
249118946533
249118953695
249118960078
249118967641
249118969969
249118970584
249118980021
249118980325
249118981686
249118992559
249118996040
249118998391
249118998490
249119002746
249119003587
249119008327
249119010460
249119019625
249119021393
249119023506
249119023577
249119025424
249119029871
249119030106
249119030371
249119030513
249119035662
249119035667
249119036288
249119048720
249119057771
249119060625
249119063053
249119066569
249119066685
249119068119
249119076350
249119083280
249119084194
249119084863
249119085613
249119085671
249119087823
249119089928
249119090096
249119090661
249119091343
249119097452
249119100228
249119100567
249119109253
249119110083
249119110299
249119110774
249119111496
249119111509
249119117473
249119119071
249119135160
249119140043
249119141517
249119143537
249119144390
249119146026
249119147149
249119150760
249119151018
249119152994
249119153206
249119161229
249119164321
249119165694
249119169256
249119173568
249119174929
249119175086
249119178471
249119181941
249119185006
249119187423
249119187733
249119197457
249119199151
249119201336
249119203103
249119207168
249119209069
249119211320
249119211899
249119221956
249119222664
249119222909
249119226943
249119227630
249119228048
249119228979
249119232828
249119233258
249119236760
249119237641
249119248051
249119248875
249119261480
249119268616
249119281014
249119295552
249119300838
249119303473
249119305942
249119310255
249119312354
249119312752
249119313667
249119316898
249119319732
249119332407
249119346597
249119355895
249119356468
249119359218
249119367512
249119373684
249119374775
249119376765
249119388688
249119389924
249119391099
249119392861
249119395872
249119396326
249119399175
249119400140
249119404313
249119406884
249119409629
249119410728
249119411382
249119414046
249119422190
249119423947
249119424314
249119424370
249119427625
249119429889
249119429999
249119431540
249119433119
249119433139
249119433664
249119435213
249119436186
249119439991
249119443435
249119445425
249119447035
249119450202
249119452265
249119455615
249119456799
249119461988
249119467279
249119470819
249119471207
249119473880
249119474914
249119480842
249119480879
249119486437
249119491345
249119493354
249119495802
249119496590
249119497172
249119509558
249119510569
249119510881
249119511864
249119513030
249119513458
249119518624
249119520530
249119523095
249119525187
249119526112
249119529160
249119530801
249119534949
249119535996
249119536181
249119537234
249119540593
249119546305
249119551311
249119555455
249119565721
249119566007
249119569128
249119587413
249119589016
249119592717
249119592727
249119598477
249119600425
249119600500
249119612855
249119615558
249119616589
249119619430
249119620957
249119623023
249119627621
249119630834
249119631595
249119632394
249119636832
249119639453
249119640131
249119644882
249119646596
249119647059
249119648265
249119649253
249119657204
249119657411
249119658782
249119659054
249119660814
249119662710
249119663014
249119664659
249119670652
249119675345
249119682081
249119684096
249119687802
249119692991
249119699958
249119700185
249119701967
249119705243
249119708461
249119714418
249119719562
249119723658
249119724668
249119727295
249119728999
249119730666
249119734781
249119736345
249119737365
249119739881
249119740187
249119741922
249119741959
249119741972
249119743895
249119749452
249119756318
249119756761
249119757945
249119759650
249119760120
249119763149
249119763444
249119765579
249119766039
249119777095
249119779006
249119786049
249119791727
249119796257
249119801375
249119806367
249119812102
249119814672
249119817986
249119818380
249119820894
249119825294
249119836329
249119838675
249119840150
249119840365
249119841120
249119844783
249119849140
249119854245
249119858286
249119859032
249119864517
249119868619
249119874435
249119876177
249119879502
249119883484
249119891592
249119892836
249119895520
249119897452
249119900343
249119902312
249119902878
249119903414
249119905782
249119906262
249119911099
249119921739
249119924944
249119930073
249119930092
249119935225
249119947409
249119948673
249119956781
249119957660
249119959081
249119960961
249119963428
249119964950
249119968076
249119969422
249119972408
249119972766
249119974454
249119975764
249119977313
249119977906
249119980028
249119986112
249119991269
249119991350
249119993425
249119996973
249120001917
249120012612
249120017875
249120022522
249120042549
249120043873
249120045403
249120054132
249120055666
249120085156
249120092168
249120097447
249120120729
249120121268
249120124415
249120130153
249120151124
249120193021
249120203420
249120218844
249120219966
249120222627
249120236164
249120249709
249120262395
249120278230
249120282392
249120283707
249120290456
249120299206
249120315555
249120315600
249120316363
249120346413
249120347509
249120400122
249120404705
249120404815
249120418916
249120423016
249120423118
249120426058
249120426963
249120500631
249120502472
249120505036
249120513178
249120525518
249120533119
249120534479
249120534617
249120535079
249120536642
249120536725
249120537665
249120538386
249120538566
249120539913
249120548851
249120553998
249120554348
249120560202
249120575936
249120577612
249120583677
249120590087
249120590197
249120601950
249120616369
249120618192
249120661868
249120701190
249120703799
249120705258
249120713016
249120718435
249120719505
249120721766
249120725504
249120733011
249120735351
249120737254
249120737312
249120739234
249120771205
249120785225
249120792504
249120799353
249120799642
249120801259
249120811049
249120814903
249120818468
249120818784
249120820402
249120821175
249120825151
249120842944
249120846565
249120857486
249120864812
249120870086
249120873009
249120889046
249120901991
249120910200
249120910965
249120924002
249120926259
249120931650
249120944685
249120945131
249120948031
249120952333
249120959993
249120974472
249120986250
249120987962
249121019951
249121024380
249121034783
249121035813
249121041731
249121046896
249121051291
249121058481
249121066051
249121082100
249121085598
249121086746
249121103300
249121105710
249121106148
249121107587
249121110028
249121117421
249121122798
249121130037
249121136785
249121144043
249121145655
249121152884
249121165330
249121176120
249121185116
249121187626
249121190831
249121200686
249121218964
249121225393
249121233141
249121241125
249121241418
249121241801
249121245261
249121253852
249121258302
249121262201
249121270710
249121279366
249121281881
249121285444
249121289256
249121297380
249121302888
249121322081
249121325852
249121330999
249121339940
249121353011
249121366524
249121373892
249121374001
249121378839
249121388665
249121389461
249121393366
249121398529
249121399383
249121400602
249121420186
249121430810
249121432654
249121433093
249121440643
249121444266
249121444862
249121454140
249121454525
249121467486
249121471576
249121473359
249121476443
249121480537
249121486751
249121488154
249121491977
249121497979
249121501800
249121508033
249121515798
249121516762
249121521808
249121525436
249121527280
249121529109
249121543098
249121545914
249121565502
249121569595
249121583931
249121591709
249121612191
249121615833
249121622781
249121637669
249121645731
249121668919
249121676678
249121679265
249121683286
249121687953
249121692939
249121696640
249121697028
249121699298
249121699948
249121710217
249121719067
249121724059
249121733501
249121739787
249121743376
249121748116
249121758292
249121759513
249121772095
249121777939
249121793543
249121795030
249121802801
249121804030
249121805281
249121808924
249121810832
249121815855
249121819404
249121829870
249121836563
249121842313
249121849093
249121851263
249121853094
249121868965
249121869282
249121880987
249121884971
249121886726
249121888081
249121888870
249121896033
249121897614
249121897776
249121899353
249121899362
249121902733
249121905865
249121908795
249121918600
249121918969
249121923402
249121924855
249121926282
249121944592
249121946430
249121951633
249121954655
249121969271
249121969721
249121973531
249121974742
249121986933
249121988332
249121993196
249121995762
249122001108
249122011356
249122013590
249122028458
249122028521
249122029055
249122032092
249122035602
249122037191
249122037218
249122037625
249122038049
249122040870
249122042326
249122044598
249122045907
249122050897
249122059811
249122072409
249122073669
249122082384
249122090571
249122102188
249122102842
249122108008
249122116730
249122119484
249122120900
249122121188
249122122869
249122132863
249122133021
249122135959
249122153888
249122164567
249122166731
249122171788
249122172017
249122180170
249122180198
249122180279
249122186032
249122192644
249122203277
249122205466
249122210014
249122212257
249122212330
249122221198
249122221428
249122222291
249122224893
249122237366
249122242621
249122259917
249122262419
249122276936
249122277363
249122285555
249122291211
249122301561
249122302568
249122308820
249122335135
249122337097
249122337729
249122342784
249122345312
249122346666
249122360404
249122365718
249122369636
249122371260
249122378192
249122392424
249122405748
249122410441
249122420308
249122423133
249122438184
249122440005
249122454570
249122456829
249122470097
249122489844
249122493759
249122511738
249122512983
249122517637
249122520104
249122521204
249122542390
249122545190
249122552880
249122554850
249122556137
249122557834
249122560056
249122561822
249122562882
249122575125
249122578833
249122579877
249122580296
249122584607
249122585710
249122591811
249122592941
249122596315
249122599473
249122604104
249122610861
249122618727
249122620598
249122624456
249122626537
249122630006
249122631474
249122639515
249122640097
249122640198
249122641839
249122642323
249122642888
249122643100
249122649309
249122650752
249122652646
249122653267
249122658851
249122662926
249122663963
249122665262
249122666759
249122668859
249122672252
249122676032
249122676958
249122677555
249122681444
249122683422
249122686572
249122700930
249122702928
249122707868
249122711139
249122725239
249122726505
249122731367
249122746683
249122748859
249122758096
249122758371
249122760604
249122761920
249122765612
249122767420
249122768342
249122771402
249122771631
249122772145
249122772255
249122778845
249122783011
249122784318
249122788979
249122790444
249122790454
249122796661
249122800384
249122800574
249122802796
249122802944
249122804555
249122809154
249122823233
249122823500
249122823829
249122833017
249122864822
249122870731
249122872315
249122872477
249122882537
249122882661
249122889335
249122889931
249122892534
249122895377
249122896382
249122901562
249122912649
249122913556
249122919868
249122927161
249122929630
249122951475
249122958531
249122958673
249122960904
249122972526
249122989163
249122990685
249122993377
249122993507
249122996099
249123000361
249123005693
249123012397
249123013387
249123017773
249123019971
249123027699
249123050420
249123058397
249123063777
249123063875
249123069952
249123071382
249123072704
249123073965
249123083510
249123093305
249123093973
249123094583
249123109827
249123118879
249123123602
249123124685
249123139834
249123149687
249123152200
249123177200
249123179295
249123183471
249123192020
249123201660
249123220813
249123233400
249123234604
249123238142
249123265765
249123278075
249123296900
249123299999
249123303340
249123309327
249123311665
249123326959
249123328047
249123334410
249123353561
249123357381
249123360204
249123366638
249123401928
249123404495
249123426308
249123436863
249123463031
249123471959
249123497221
249123501347
249123511463
249123517650
249123521655
249123522019
249123551382
249123552107
249123555936
249123560653
249123574403
249123604779
249123608566
249123615830
249123615885
249123620299
249123622624
249123630117
249123643054
249123663923
249123670234
249123698791
249123717653
249123719144
249123722833
249123724967
249123728467
249123745301
249123749211
249123757354
249123771495
249123776727
249123789524
249123792916
249123798012
249123799676
249123803532
249123805507
249123820592
249123830206
249123835232
249123843198
249123844996
249123848182
249123851152
249123851652
249123858453
249123858578
249123867938
249123868212
249123868462
249123870032
249123871817
249123876175
249123876189
249123876771
249123876883
249123880549
249123881065
249123882850
249123888261
249123891741
249123892658
249123893396
249123906803
249123911129
249123914233
249123930580
249123950817
249123951477
249123961517
249123977770
249123990278
249124001224
249124005879
249124011249
249124015959
249124016366
249124017783
249124017950
249124019582
249124022657
249124025044
249124025218
249124028664
249124030788
249124031044
249124033877
249124035071
249124035076
249124039717
249124040243
249124046809
249124049212
249124052395
249124053339
249124068328
249124078025
249124079424
249124082071
249124083029
249124086851
249124090134
249124090376
249124090377
249124096597
249124099700
249124102515
249124105037
249124106680
249124109284
249124110037
249124115177
249124116782
249124118513
249124127334
249124130092
249124139611
249124140030
249124141040
249124142225
249124143160
249124148536
249124148992
249124150461
249124151049
249124152579
249124157169
249124160457
249124160737
249124164745
249124167500
249124167687
249124172950
249124173742
249124175263
249124177405
249124177420
249124179134
249124182109
249124186211
249124187187
249124196281
249124197946
249124200679
249124202085
249124207067
249124209332
249124209711
249124210905
249124217517
249124217822
249124219326
249124225663
249124228304
249124237200
249124238452
249124240253
249124241306
249124242168
249124246055
249124246157
249124250180
249124250227
249124252797
249124252936
249124255366
249124258150
249124275259
249124275620
249124285646
249124286154
249124289135
249124290641
249124293363
249124294997
249124295098
249124297071
249124303653
249124304650
249124308171
249124310712
249124311066
249124312588
249124314269
249124315893
249124316027
249124321720
249124322556
249124325170
249124326782
249124328531
249124328974
249124329926
249124332702
249124340254
249124343891
249124345468
249124346217
249124349554
249124350632
249124354264
249124358728
249124361259
249124362924
249124366558
249124367570
249124372835
249124374874
249124375516
249124384817
249124389145
249124397944
249124406288
249124407125
249124407466
249124408639
249124410205
249124411421
249124412064
249124412089
249124418440
249124419004
249124424440
249124424493
249124426172
249124426603
249124438312
249124438775
249124440022
249124442165
249124447587
249124465465
249124474737
249124474767
249124474910
249124477532
249124493527
249124500119
249124501724
249124501780
249124504912
249124509667
249124511884
249124521113
249124522956
249124525399
249124530761
249124536176
249124550171
249124550525
249124551195
249124554050
249124555877
249124560107
249124561622
249124563270
249124565936
249124570172
249124584646
249124594248
249124599021
249124599577
249124603215
249124603664
249124603865
249124608396
249124609277
249124609362
249124614025
249124615462
249124615628
249124615841
249124621750
249124633268
249124642470
249124648162
249124648244
249124650832
249124656246
249124656264
249124661359
249124666017
249124672205
249124677935
249124679591
249124692948
249124707400
249124709183
249124709315
249124711594
249124712787
249124717513
249124718754
249124720604
249124723207
249124724758
249124727418
249124730289
249124736336
249124740447
249124742637
249124751901
249124754085
249124755093
249124756057
249124758063
249124760778
249124761537
249124768125
249124770982
249124773061
249124775905
249124805180
249124809490
249124815103
249124817102
249124823822
249124824782
249124831322
249124840613
249124842053
249124848369
249124849218
249124856391
249124865886
249124870936
249124873351
249124875576
249124882909
249124884324
249124885196
249124887390
249124888103
249124889311
249124897008
249124899669
249124901323
249124903236
249124904102
249124906549
249124910706
249124913535
249124913681
249124920290
249124931090
249124932780
249124935810
249124940102
249124950436
249124952760
249124954040
249124958807
249124958967
249124970790
249124972237
249124974615
249124978657
249124986080
249124986832
249124988361
249124989456
249124990305
249124992603
249124997466
249125021520
249125024055
249125034681
249125059777
249125072327
249125092083
249125112852
249125128520
249125140238
249125141976
249125144633
249125150361
249125153824
249125155345
249125158274
249125163560
249125164224
249125174586
249125179777
249125179898
249125185472
249125185481
249125187256
249125191567
249125194584
249125209681
249125211033
249125211660
249125212471
249125213394
249125226622
249125230581
249125236362
249125238648
249125243216
249125246206
249125248381
249125255877
249125260127
249125283248
249125324228
249125325837
249125327544
249125332471
249125354590
249125355938
249125358808
249125369200
249125372977
249125374776
249125377520
249125379937
249125382519
249125382959
249125386436
249125392724
249125401997
249125431253
249125444149
249125455506
249125459146
249125465450
249125469300
249125473010
249125473912
249125474291
249125488274
249125493702
249125498570
249125506177
249125508381
249125510460
249125511197
249125526091
249125532714
249125534150
249125550261
249125553720
249125559915
249125562026
249125566919
249125567642
249125571195
249125586007
249125593160
249125598854
249125605588
249125605623
249125617151
249125619845
249125629978
249125649434
249125654722
249125659197
249125663530
249125664583
249125673349
249125674352
249125674710
249125677336
249125677434
249125679497
249125700322
249125701450
249125718322
249125737349
249125738493
249125741058
249125745035
249125750842
249125757022
249125759152
249125760884
249125767191
249125774453
249125776007
249125781458
249125793155
249125793276
249125795495
249125802219
249125802359
249125820145
249125829561
249125829660
249125842938
249125850309
249125858676
249125859932
249125872121
249125882198
249125888766
249125901013
249125903301
249125904632
249125911018
249125915170
249125918054
249125919145
249125921566
249125925713
249125925917
249125928738
249125931807
249125938298
249125938683
249125943588
249125947621
249125951422
249125951856
249125962481
249125968372
249125969435
249125969978
249125972001
249125975727
249125979439
249125996505
249125997902
249125999268
249126014613
249126021312
249126021599
249126027139
249126035269
249126039900
249126042425
249126044504
249126044721
249126064197
249126065460
249126067394
249126073424
249126073530
249126082564
249126095199
249126103353
249126111188
249126114688
249126115785
249126116293
249126124713
249126131773
249126140193
249126149172
249126162700
249126173745
249126178155
249126179875
249126186156
249126192447
249126204318
249126225764
249126228336
249126229872
249126230077
249126243794
249126254328
249126258548
249126265097
249126265160
249126266650
249126269511
249126303883
249126312532
249126318595
249126321218
249126325236
249126338283
249126354940
249126355341
249126356160
249126356594
249126372102
249126372449
249126381584
249126391252
249126400149
249126405177
249126406881
249126407066
249126408855
249126414827
249126426910
249126442956
249126448159
249126453668
249126462698
249126465172
249126472367
249126473843
249126477284
249126477319
249126479451
249126480803
249126480996
249126482044
249126492875
249126496684
249126500347
249126500841
249126505200
249126509784
249126519139
249126522395
249126525897
249126551936
249126563624
249126572647
249126574289
249126581815
249126585830
249126588384
249126590779
249126590825
249126593581
249126602766
249126603356
249126607222
249126620248
249126623675
249126624813
249126628348
249126639437
249126644820
249126644862
249126647931
249126655258
249126674186
249126703147
249126710696
249126725922
249126729194
249126730299
249126739870
249126744728
249126756377
249126756611
249126764656
249126773898
249126781075
249126811144
249126813861
249126824540
249126829036
249126837108
249126853939
249126861214
249126866091
249126867005
249126873124
249126877521
249126884265
249126897194
249126901936
249126915673
249126922886
249126925233
249126933217
249126937061
249126946495
249126948343
249126957133
249126959472
249126962903
249126970345
249126970350
249126970672
249126971483
249126978815
249126983818
249126997694
249126998151
249127000037
249127009518
249127010868
249127017943
249127023398
249127058497
249127058662
249127059645
249127061139
249127061907
249127074538
249127077411
249127078410
249127084074
249127095381
249127112216
249127126797
249127142427
249127167205
249127175965
249127180187
249127198072
249127200068
249127202527
249127207311
249127211328
249127221790
249127245199
249127250928
249127258464
249127268237
249127268316
249127269100
249127283200
249127294549
249127306427
249127313236
249127318021
249127339320
249127355950
249127359612
249127360777
249127362742
249127369009
249127372256
249127374201
249127403223
249127408922
249127413936
249127417820
249127438855
249127439355
249127451207
249127463998
249127467814
249127478384
249127484927
249127486802
249127496883
249127498771
249127508149
249127513266
249127517826
249127519968
249127539523
249127558141
249127568154
249127600013
249127602517
249127607000
249127607838
249127608133
249127612932
249127664434
249127667990
249127670425
249127674151
249127675557
249127676311
249127682801
249127701203
249127709154
249127722605
249127742993
249127767058
249127775657
249127780026
249127789896
249127795130
249127799000
249127803890
249127806400
249127829259
249127839995
249127843861
249127851939
249127863307
249127870287
249127884568
249127891536
249127898054
249127898650
249127905990
249127913435
249127921682
249127923904
249127928923
249127943062
249127954298
249127956551
249127967560
249127976108
249127976970
249127981399
249127986689
249127990579
249127993532
249127994766
249127994924
249127999801
249127999996
249128000224
249128004463
249128004795
249128006080
249128006564
249128012813
249128013573
249128014560
249128015413
249128017274
249128021777
249128022931
249128026447
249128031507
249128032325
249128034730
249128035357
249128040507
249128042309
249128048093
249128049883
249128049925
249128056972
249128060206
249128061253
249128064182
249128067402
249128073950
249128074459
249128076414
249128077166
249128078091
249128100100
249128101032
249128113612
249128116600
249128123404
249128127492
249128138957
249128140523
249128141671
249128142302
249128143519
249128147030
249128147987
249128150196
249128150713
249128152235
249128153909
249128157699
249128166746
249128174635
249128175412
249128175789
249128177133
249128178180
249128178405
249128186128
249128192703
249128198990
249128200857
249128212449
249128214587
249128216840
249128218267
249128222881
249128225733
249128226039
249128226888
249128230003
249128235236
249128239737
249128251723
249128253733
249128257676
249128258889
249128265752
249128270718
249128274020
249128275490
249128283849
249128294646
249128301215
249128301810
249128312712
249128320541
249128330800
249128332681
249128346457
249128346642
249128349449
249128352348
249128353410
249128360210
249128387398
249128393057
249128393107
249128396286
249128396616
249128401939
249128402390
249128406037
249128406515
249128409696
249128415440
249128418808
249128422404
249128431472
249128441313
249128444991
249128445716
249128449081
249128450275
249128450472
249128450509
249128450539
249128450569
249128450925
249128450989
249128451484
249128454880
249128458073
249128467756
249128469619
249128471248
249128471672
249128475458
249128483840
249128494205
249128498218
249128505652
249128506181
249128506546
249128510144
249128510342
249128513336
249128515779
249128519818
249128535823
249128543696
249128544805
249128545522
249128547195
249128563354
249128564915
249128565393
249128566357
249128569070
249128570635
249128574153
249128577682
249128577817
249128579564
249128580757
249128583183
249128586089
249128586441
249128595374
249128607705
249128612178
249128612618
249128618589
249128627277
249128630159
249128638122
249128640545
249128650309
249128650593
249128652337
249128653070
249128657446
249128660961
249128662635
249128668748
249128670119
249128674744
249128686461
249128688624
249128692300
249128701099
249128702346
249128711870
249128713935
249128715833
249128716475
249128718045
249128720810
249128722292
249128723624
249128738581
249128740963
249128741674
249128746282
249128747607
249128754371
249128756585
249128764632
249128765482
249128765636
249128766194
249128768229
249128770319
249128772466
249128775014
249128780274
249128782175
249128784145
249128789044
249128790204
249128792046
249128800881
249128801820
249128804673
249128807920
249128819202
249128819245
249128824185
249128837321
249128850980
249128855386
249128859048
249128862057
249128862909
249128865758
249128874149
249128876486
249128876489
249128878372
249128880339
249128891370
249128891720
249128895241
249128901902
249128906720
249128916598
249128917381
249128923798
249128925585
249128927358
249128932230
249128933016
249128935652
249128935691
249128936047
249128939082
249128942564
249128944729
249128945538
249128954637
249128959015
249128959366
249128970179
249128971957
249128986155
249128989522
249128996470
249128997597
249128998224
249128999345
249129010720
249129016175
249129027197
249129031488
249129032133
249129036036
249129038989
249129040555
249129043363
249129055394
249129061107
249129064192
249129074067
249129075285
249129077535
249129101103
249129109351
249129110823
249129117194
249129120100
249129121405
249129123268
249129125153
249129128793
249129130499
249129135043
249129139409
249129140677
249129148890
249129152244
249129152409
249129157280
249129164459
249129164997
249129174305
249129175318
249129177502
249129179834
249129181590
249129184895
249129195520
249129198448
249129201653
249129203092
249129212266
249129213479
249129216191
249129219554
249129223844
249129229650
249129230254
249129233273
249129236297
249129243339
249129254019
249129254274
249129266067
249129266207
249129267685
249129270173
249129270888
249129272355
249129275595
249129276618
249129278988
249129279161
249129282297
249129283441
249129289247
249129290360
249129306423
249129310071
249129318219
249129324362
249129327413
249129328297
249129332471
249129332545
249129341137
249129342822
249129344523
249129349872
249129353470
249129365225
249129388442
249129388870
249129391830
249129392083
249129395165
249129395313
249129397627
249129402038
249129410590
249129415853
249129423863
249129423915
249129426488
249129426692
249129431770
249129433565
249129434026
249129435839
249129442733
249129442744
249129443420
249129446650
249129451608
249129468945
249129489220
249129492304
249129495039
249129495592
249129497521
249129500799
249129513836
249129514234
249129521666
249129525205
249129535313
249129536872
249129540124
249129545323
249129548169
249129553027
249129568319
249129570307
249129571260
249129573323
249129582521
249129587609
249129590474
249129592215
249129601691
249129601837
249129605790
249129613896
249129615459
249129616127
249129617435
249129617714
249129617893
249129623861
249129627368
249129635148
249129635308
249129639415
249129649044
249129656999
249129658733
249129662423
249129663841
249129677658
249129680464
249129687502
249129689964
249129691717
249129693813
249129696887
249129700071
249129710009
249129712627
249129714639
249129719501
249129729687
249129730561
249129733985
249129740666
249129741152
249129741767
249129751476
249129755555
249129756699
249129764811
249129773527
249129817976
249129820013
249129822048
249129827942
249129828012
249129837184
249129838561
249129841350
249129847279
249129854500
249129854673
249129857218
249129857675
249129858675
249129861992
249129863172
249129864064
249129866798
249129870593
249129871729
249129872861
249129876363
249129885359
249129891186
249129894979
249129899339
249129902043
249129902348
249129908604
249129910560
249129911736
249129911851
249129914754
249129915404
249129920877
249129921441
249129923246
249129926677
249129928504
249129929984
249129938895
249129939861
249129949374
249129949971
249129953300
249129960185
249129961424
249129961515
249129963485
249129965491
249129966968
249129971249
249129974302
249129977868
249129980023
249129980348
249129980696
249129980800
249129982115
249129983309
249129986440
249129999258