380988850793
380967965113
380967964774
380971993095
380971993410
380982033189
380967965225
380971993828
380971993442
380971993109
380971993844
380683999938
380983071689
380971993170
380987982172
380974423062
380971993904
380967964786
380967964232
380967964796
380967965015
380967965215
380962323561
380971993959
380967964548
380683996973
380971993657
380967964489
380987985082
380971993524
380980036999
380971993397
380983495201
380971993815
380967964341
380967964272
380967964893
380967964263
380971993829
380971993071
380967964791
380962328637
380967964982
380967965067
380979631092
380971993836
380971993839
380967964858
380971993891
380967964930
380971993131
380989163226
380971993631
380971993493
380979631686
380971993352
380972460215
380971993196
380971993951
380967964328
380971993424
380967964366
380971993293
380971993206
380967964776
380677081705
380978276880
380962328021
380980034536
380967964542
380967964290
380962327120
380677080600
380967965103
380967965153
380984815777
380967964473
380967965036
380982030517
380967964655
380983499645
380967965198
380967965188
380983079619
380971993868
380971993809
380971994000
380967965008
380967964672
380971993567
380971993699
380971993336
380988857325
380971993942
380984186066
380971993353
380967965147
380967964810
380967965084
380967964678
380971993892
380967965014
380967964628
380971993235
380971993674
380971993539
380967964385
380967964903
380967964937
380971993143
380967964547
380978274357
380971993075
380971993957
380967964789
380971993311
380967964707
380689349704
380971993886
380967964943
380979639621
380971993243
380971993139
380971993583
380971993383
380978274010
380971993889
380982031060
380967964289
380971993038
380967965058
380971993520
380971993181
380689345714
380982035055
380967964622
380967964368
380967964836
380971993317
380962324925
380971993924
380683993909
380967964338
380971993894
380967964635
380983077903
380967964304
380967964325
380967964923
380967964925
380967964737
380967964419
380971993650
380989169481
380677089040
380978275788
380983070997
380974423496
380967964626
380971993824
380971993219
380967964830
380974420260
380972463170
380683994513
380967964657
380971993923
380971993413
380979630888
380967964822
380983498791
380971993183
380971993024
380971993550
380967965128
380967964778
380971993536
380677083242
380967964351
380964906457
380978279819
380967964951
380967965099
380971993338
380967964756
380967965138
380979639336
380971993076
380971993192
380967965148
380967965202
380967964702
380974428132
380971993180
380971993543
380983078577
380988857336
380971993903
380971993310
380983493809
380971993870
380989163537
380971993655
380967965144
380677083981
380978273507
380988851914
380971993482
380988852206
380967964971
380967964940
380684045748
380971993218
380967964302
380967964624
380971993986
380967965168
380971993244
380967964988
380967964780
380967964585
380971993220
380971993558
380971993795
380971993137
380983074714
380967964749
380971993158
380971993344
380971993764
380971993096
380987980493
380971993168
380971993435
380971993065
380967964859
380971993512
380967965223
380962320231
380974428094
380967964968
380987989244
380972468160
380988856409
380971993436
380971993050
380971993505
380974429294
380962329905
380964901133
380683995398
380984182424
380971993935
380971993276
380967964935
380967964296
380967964352
380967964807
380689347494
380967964890
380967964771
380971993946
380967965054
380971993264
380983078543
380964900147
380983493529
380971993582
380964903956
380967964365
380971994004
380967965178
380982034634
380689340445
380967964433
380971993238
380979633873
380962329177
380974423008
380967964716
380967964519
380967964916
380967964556
380967964469
380967965209
380971993094
380967964233
380983497138
380971993130
380967964987
380689341304
380967964701
380967965074
380967964571
380971993166
380689340099
380967964907
380971993045
380982031514
380971993665
380971993642
380684042220
380684048364
380967964918
380971993884
380971993551
380677080152
380967964414
380971993459
380967964466
380971993340
380971993148
380971993541
380967964588
380983076285
380971993792
380971993165
380683994666
380971993769
380971993777
380964902088
380967964396
380967965228
380988858221
380971993454
380971993871
380971993572
380971993382
380984816733
380967964704
380971993758
380971993757
380971993127
380971993407
380971993090
380971993741
380967964647
380967964625
380689347353
380983070034
380967965010
380967964711
380967964303
380967964577
380971993039
380971993624
380967964747
380984819766
380987986634
380972462597
380967964250
380677087334
380681210270
380677081408
380982038341
380677083951
380967964498
380967964384
380980034969
380971993103
380681217073
380967964553
380967964739
380989164764
380967964516
380681216655
380979632232
380971993430
380971993197
380967964576
380971993242
380967964665
380971993302
380681212828
380971993980
380971993056
380971993934
380967964863
380971993229
380984819666
380967965042
380978278493
380962322219
380987980491
380971993689
380971993329
380967964476
380689348596
380971993279
380967965090
380971993506
380967964854
380971993848
380972468480
380967964986
380971993501
380989167359
380980034653
380684043048
380967964559
380967964876
380967964568
380971993489
380964909121
380683991466
380989161878
380967964828
380967964839
380962325342
380971993465
380971993685
380971993303
380971993500
380967964629
380967964486
380967965226
380967965094
380971993205
380967964288
380971993331
380971993230
380971993461
380984185694
380984181795
380971993441
380967965016
380967964997
380971993652
380677083461
380967964608
380971993993
380967964390
380967965189
380971993918
380967964475
380967964372
380967964826
380967964901
380967965040
380967964785
380967965164
380971993083
380967964653
380683996486
380681218397
380987986380
380967964483
380980037010
380967964736
380971993670
380967964470
380971993188
380971993178
380967964471
380967964680
380967964666
380967964434
380967964735
380979637094
380989167679
380967964883
380972466797
380971993974
380683990713
380967964375
380984819391
380681218361
380967964895
380962322073
380987982783
380683998131
380967964438
380971993858
380677080475
380988855846
380971993102
380974424692
380683992571
380967964257
380984816357
380989161352
380971993594
380989169285
380967965177
380971993108
380683992779
380967964920
380962326247
380983072023
380974427189
380967964578
380972461296
380982038025
380967964960
380962322844
380967964512
380971993861
380971993878
380971993055
380984815155
380962325029
380988857243
380967964915
380971993088
380967965055
380962325658
380971993029
380964902961
380971993221
380967964256
380989167053
380967964552
380974423295
380967965044
380683995686
380971993370
380971993070
380971993706
380983496601
380964908940
380967964563
380967964459
380967964405
380967964686
380967965053
380971993540
380978271319
380983490557
380980030335
380984810152
380967965051
380967965110
380980030619
380967964247
380971993559
380971993926
380971993872
380971993719
380988856770
380689342207
380967964721
380988857848
380971993552
380964902669
380971993737
380967964894
380677083842
380971993730
380967965012
380967964383
380971993837
380971993876
380967964582
380967964900
380971993173
380971993566
380967964808
380971993953
380971993647
380989162829
380971993783
380987986433
380971993521
380967964631
380988854123
380971993035
380683992411
380967964407
380964903480
380967965000
380971993838
380967964534
380971993723
380987988171
380967964955
380967965020
380683995929
380987984360
380971993564
380971993565
380967964648
380967964741
380972468699
380984185718
380967964746
380971993840
380984186971
380967964896
380971993937
380978271004
380971993527
380987986539
380971993400
380967964336
380967964300
380988851177
380967964409
380967964374
380967965175
380967964897
380971993781
380967964693
380684047645
380967964262
380967964637
380971993371
380683991071
380983490271
380967965019
380689348110
380971993480
380967964363
380967964460
380967964239
380967964775
380967964840
380971993621
380962322242
380967965024
380971993381
380979635640
380967964760
380971993120
380971993821
380967965005
380971993314
380683999646
380967965029
380971993693
380971993675
380971993496
380967965195
380987981537
380979638915
380971993575
380989161837
380967965224
380971993635
380967964659
380982038176
380967964457
380967965135
380967964743
380971993495
380967964733
380967964386
380677089970
380967965034
380984819716
380971993049
380967964813
380971993377
380974426614
380971993936
380967964881
380684048614
380983497880
380988851748
380988857917
380967964797
380971993714
380967964532
380971993686
380967964755
380988859573
380971993259
380967964380
380971993308
380967964972
380971993866
380971993394
380971993914
380989163123
380967964950
380983493080
380684040702
380962327608
380971993261
380971993518
380967964268
380971993335
380983490083
380971993529
380980039486
380971993155
380971993584
380971993802
380971993563
380971993590
380971993250
380983498689
380984810305
380967965156
380971993992
380689343256
380971993984
380967964949
380978276285
380967964406
380971993477
380967964504
380971993930
380971993476
380967964798
380967964428
380971993728
380964901986
380971993649
380971993579
380967964651
380677082656
380967964954
380971993157
380677088224
380972465704
380971993850
380971993510
380967964543
380967964527
380972465604
380967964873
380967964550
380967965133
380967964424
380967964944
380971993059
380972467007
380967964275
380988855824
380681217624
380971993736
380971993997
380971993232
380971993498
380967964820
380677080274
380967965047
380971993363
380971993473
380967964823
380971993830
380974424100
380677085308
380983077932
380967964421
380971993247
380983077530
380971993646
380967964844
380967964499
380971993409
380971993890
380967964913
380967965211
380971993504
380967964284
380967964373
380967964772
380972468903
380967964886
380967965086
380971993827
380971993326
380967965174
380967964817
380983074095
380967964782
380967965105
380971993469
380971993933
380967964488
380971993958
380967964941
380967964242
380971993976
380989168598
380967965069
380967965146
380983494641
380967964963
380681210109
380971993425
380971993725
380971993087
380967964698
380967964730
380989163231
380971993122
380967964928
380980035184
380971993419
380967964521
380971993466
380971993608
380971993271
380689340403
380971993455
380971993711
380988850948
380984184693
380972466579
380967964671
380984188456
380689348428
380988850229
380967964613
380984187749
380967964676
380971993365
380967965111
380971993513
380971993797
380681218475
380967964555
380967964260
380988850255
380967964933
380971993978
380972462617
380684044008
380967964834
380984817578
380971993690
380971993112
380967965143
380971993215
380967964235
380971993086
380971993177
380987989618
380971993440
380971993431
380967964592
380987989946
380971993637
380980031996
380967964976
380971993471
380967964867
380967964850
380971993172
380967964802
380971993553
380984183459
380983076891
380964902288
380677089187
380982039769
380972464405
380967964511
380967964354
380984817439
380971993487
380967965077
380988854217
380971993638
380971993100
380971993818
380967965078
380971993989
380967964947
380967964249
380972464868
380987989137
380967964522
380989161466
380971993556
380967965190
380971993784
380967965002
380967964292
380683995052
380971993074
380677080414
380683998478
380971993156
380983493484
380983078436
380971993201
380987987172
380971993508
380971993160
380971993712
380967964415
380971993078
380967965167
380967965059
380983493657
380967964305
380983499072
380967964462
380689348003
380967964496
380971993729
380971993547
380684041613
380967965070
380971993284
380984815368
380967965193
380967964400
380980036556
380971993467
380971993695
380967964889
380979637512
380971993619
380971993151
380984186689
380967965101
380967964848
380974420016
380971993485
380967964856
380683993510
380684041027
380967964595
380967964661
380967964794
380971993592
380974429189
380677087519
380967964744
380683998272
380972466456
380971993961
380967964880
380967964865
380681219320
380967964349
380681212204
380967964557
380967964525
380971993328
380967964871
380982037972
380967964524
380971993917
380971993186
380971993734
380967965114
380962329895
380683997675
380971993141
380978277608
380971993668
380971993457
380683999434
380967964967
380971993887
380982037030
380971993355
380962325136
380971993211
380683995475
380967965150
380971993080
380971993877
380984182746
380971993740
380971993191
380967964294
380967964444
380971993392
380971993401
380971993258
380967964644
380971993150
380971993557
380971993715
380684042059
380971993268
380971993931
380971993759
380967964831
380971993427
380967964824
380962329792
380984180074
380967964513
380967965117
380681211861
380972464232
380971993766
380967965116
380967964965
380967964316
380967964738
380967965021
380971993990
380983079758
380967964472
380989167629
380971993354
380681210711
380967964422
380979638195
380971993416
380971993651
380971993922
380971993569
380988856786
380971993580
380967965120
380971993614
380984814962
380967964335
380967964389
380967964371
380978275099
380967964768
380681219538
380967964254
380967964974
380971993636
380971993362
380971993227
380967964875
380984818796
380987984549
380967964748
380967964539
380683999359
380983077594
380971993267
380967964594
380967964898
380967964995
380972460917
380967964845
380967964766
380967964722
380967965176
380971993015
380967964456
380971993448
380971993263
380971993912
380964901979
380983077895
380989167122
380989161410
380987987198
380967964530
380971993893
380971993234
380983079792
380980035248
380967965145
380978277501
380971993408
380971993133
380967964673
380971993571
380971993283
380967964369
380967964773
380967964258
380979637464
380971993305
380962328774
380962328725
380967964978
380971993124
380971993125
380967964435
380971993184
380967964636
380971993347
380971993085
380971993322
380684044034
380971993796
380681210623
380983079045
380989161765
380967964485
380971993962
380980032634
380967964334
380967964690
380972466895
380967965073
380967964283
380974428894
380984182960
380978276208
380967965122
380689340117
380983071029
380967964727
380971993801
380971993663
380683993716
380972469000
380971993047
380962327703
380984180358
380971993799
380971993202
380978279898
380971993123
380971993684
380971993596
380979637938
380983495425
380987987096
380982039193
380971993403
380988850192
380967964936
380967964282
380971993288
380988856969
380967964691
380988852295
380967964495
380684044598
380971993683
380971993372
380689345263
380964905537
380971993656
380971993813
380971993538
380987981284
380971993265
380681212618
380967964394
380984819010
380967964307
380967964467
380971993134
380978277237
380971994002
380967965079
380971993760
380683993499
380971993037
380972469429
380980037806
380971993750
380971993941
380967964278
380967964638
380967965207
380967964904
380987983255
380971993023
380980036563
380967965007
380967964861
380967965038
380967964477
380967964750
380971993616
380971993967
380971993195
380972467670
380967965026
380988855707
380683998521
380971993153
380971993528
380681211765
380984816208
380967964621
380974426970
380971993805
380971993832
380967964740
380979638339
380967964541
380982035151
380683997198
380971993968
380677081669
380971993399
380967964500
380971993561
380689344685
380971993147
380971993257
380967965064
380983493864
380681217048
380967965096
380967965132
380982033922
380967965218
380971993058
380980038117
380971993710
380980034666
380972469566
380971993063
380974426390
380971993345
380971993779
380967964515
380978278340
380971993223
380971993661
380967964370
380983075844
380971993014
380967964310
380979636738
380684041765
380967964957
380967964436
380967964769
380967964814
380967964985
380967965191
380971993983
380967965134
380980039741
380967964682
380980038068
380983492442
380677088790
380979636134
380967964633
380967965186
380983494034
380967964879
380967965088
380979637949
380989166467
380967964271
380967964413
380967964697
380971993516
380974429873
380983496947
380689342402
380967964843
380967964899
380983498373
380971993426
380967964932
380683996043
380971993605
380971993484
380983074741
380971993545
380989160677
380979631256
380967964324
380971993126
380964908648
380967964956
380971993356
380967965200
380967965162
380980032759
380971993882
380962328253
380971993817
380967964712
380967964427
380971993210
380971993879
380971993490
380971993627
380978277455
380971993586
380971993859
380980036904
380980033849
380989161318
380971993597
380971994003
380971994011
380983078742
380967964891
380967965220
380967964819
380971993269
380982034206
380971993104
380967965126
380989163949
380967965204
380967964465
380967964770
380967964244
380974428439
380983498146
380971993325
380971993046
380971993515
380987987065
380971993526
380971993384
380967965011
380681219244
380971993812
380971993092
380988852580
380967964346
380967964337
380974426468
380967964586
380971993902
380972460781
380677081788
380972468767
380971993975
380971993610
380971993555
380967964549
380967965172
380967964917
380964906766
380683993117
380964907965
380971993449
380971993367
380978275476
380967964536
380962325590
380967964675
380971993402
380971993300
380971993306
380967964264
380971993739
380683994066
380971993864
380967964261
380971993819
380964901511
380988857023
380982031972
380971993947
380967965136
380980037743
380964908568
380978276135
380978271084
380967964604
380971993742
380972462034
380967964706
380967965205
380689349969
380967964964
380683997744
380974424876
380971993654
380971993420
380967964377
380681212292
380967964597
380971993364
380971993622
380967965112
380984185975
380971993492
380967965129
380967964266
380964906203
380967964827
380971993745
380684041772
380971993171
380984182264
380967965131
380971993998
380979635930
380971993772
380983079639
380974427358
380987983949
380979631659
380974427143
380971993135
380962325672
380971993287
380971993203
380967964767
380989169153
380967964478
380967964640
380971993511
380978274285
380689346211
380967964265
380971993856
380967964643
380971993117
380967964718
380967964540
380967964632
380983075243
380971993453
380971993598
380971993343
380683997073
380967964526
380971993152
380967965127
380689348172
380971993470
380967964441
380967964790
380979633123
380967964402
380978272820
380681213798
380984816298
380967964362
380971993691
380967964590
380967965137
380971993064
380967965161
380971993027
380971993091
380989169960
380971993932
380683994030
380980039847
380989161222
380683991216
380982030272
380971993260
380967965203
380967964742
380967964234
380967964731
380967964729
380971993145
380971993709
380962320693
380681216634
380971993079
380971993503
380971993434
380683995859
380971993549
380971993411
380971993249
380971993880
380967964245
380980031543
380971993445
380967964888
380984186702
380962324999
380971993084
380967964990
380967965196
380967965199
380967965085
380971993945
380983490291
380967964860
380984186398
380967965115
380967964518
380677085611
380971993415
380971993644
380967964959
380978279608
380967965052
380967964509
380967965217
380967964546
380967964387
380979636759
380967964544
380971993294
380681210744
380983073316
380971993169
380971993643
380967964574
380980033493
380984818198
380967965050
380971993862
380979634036
380967964533
380967964502
380677080717
380971993793
380967964728
380988854003
380967964758
380967964699
380681216381
380964907660
380967964866
380971993509
380967964885
380971993860
380684049333
380971993022
380983498041
380967965221
380971993116
380984811448
380971993432
380967964508
380971993771
380967964501
380972461720
380967964455
380967965056
380971993767
380983498124
380987986191
380967964583
380689346772
380967965083
380971993327
380971993602
380971993897
380681215250
380681213545
380971993054
380987983629
380971993747
380967964298
380967964662
380984816340
380967964474
380971993060
380677081760
380971994006
380978274634
380978275510
380971993339
380984182602
380967964291
380971993720
380677082267
380983073146
380978272288
380989164650
380967964714
380971993349
380967964479
380967964764
380967965013
380989162047
380980031842
380971993097
380971993568
380971993615
380967964391
380987980991
380971993053
380972462182
380988856581
380967964650
380971993031
380967964777
380984816560
380967964668
380988852400
380967964285
380971993667
380989163385
380677080021
380971993193
380972461381
380971993562
380971993098
380972463299
380967964909
380967964575
380971993361
380971993807
380681214980
380971993595
380677083562
380967964664
380677081340
380989168198
380971993681
380967964627
380967964942
380978270128
380980038060
380967965108
380987987496
380967965031
380984814066
380971993744
380964902856
380989161928
380689341047
380971993073
380967964393
380967964994
380982038948
380971993845
380971993920
380967964461
380971993204
380980033968
380972461072
380971993412
380983494133
380982035560
380967964630
380962329372
380677083819
380967964654
380967964603
380971993458
380967964759
380967964253
380971993286
380681212660
380967964404
380978277374
380972463343
380967965185
380684042306
380967964453
380971993743
380971993679
380971993464
380967964321
380967964447
380971993437
380971993970
380971993468
380967964451
380971993253
380689344575
380967964425
380974423077
380967965092
380967964792
380967964966
380967964620
380967964327
380677089160
380983499700
380967964906
380971993149
380971993422
380971993118
380971993414
380967964535
380978279196
380967964681
380983073162
380967965179
380971993808
380967964652
380967964642
380971993081
380971993479
380971993717
380967964358
380964907184
380967964763
380681210133
380971993673
380967964323
380967964926
380971993576
380982038208
380971993236
380983493741
380971993214
380971993421
380967965089
380971993105
380972461087
380988855570
380971993908
380967964448
380967964710
380971993346
380972461316
380971993692
380983078520
380979639788
380967964297
380971993474
380684042618
380974423150
380984816377
380971993869
380964906528
380971993228
380971993358
380971993940
380967965192
380964903743
380689345505
380971993626
380967964908
380967964705
380971993774
380983074236
380983493104
380967965062
380971993733
380967964399
380971993194
380681215452
380967964299
380989166356
380971993991
380984183242
380971993803
380684045412
380967964684
380967964589
380967964356
380974429336
380988852367
380967965057
380971993318
380967964970
380967965149
380967964454
380971993995
380971993788
380971993052
380980035727
380967965157
380967964381
380979634706
380971993680
380967964921
380971993018
380971993187
380984187843
380677080138
380689345935
380971993604
380967964492
380967964999
380967964236
380982038320
380971993225
380978271106
380983071274
380971993208
380982036717
380971993901
380967965173
380683994190
380971993481
380967965039
380967964692
380967964443
380967964510
380971993359
380980031833
380971993272
380677084931
380684042201
380967964599
380971993919
380971993883
380971993544
380967965197
380677084918
380967964717
380971993677
380971993252
380689341426
380689342061
380967964315
380971993554
380964904647
380983077352
380971993207
380967964468
380677083693
380972466819
380967964919
380681214002
380967964353
380984180193
380971993040
380971993956
380967964564
380967965046
380971993488
380971993972
380971993439
380971993299
380971993987
380971993979
380984812096
380971993718
380971993988
380971993841
380967965107
380967964581
380971993199
380967965119
380987983514
380971993852
380967965159
380967964600
380983071190
380974428720
380967964762
380967964529
380971993629
380971993379
380967965035
380967964887
380980033736
380967964911
380967965216
380980031168
380972466570
380987987956
380971993963
380971993600
380967964998
380987988639
380971993666
380971993304
380971993533
380967964857
380967965201
380971993033
380683997310
380971993843
380971993703
380971993062
380989162816
380967964833
380681215173
380967964445
380967965082
380987989071
380979639303
380967964646
380967964617
380971993881
380984182676
380971993107
380988857853
380971993296
380971993752
380967964902
380971993548
380972463190
380971993121
380967964308
380967964922
380971993921
380971993334
380967964313
380971993735
380989167368
380967964252
380971993746
380971993398
380967964616
380972467443
380683992694
380971993981
380984189505
380967964344
380967964938
380967964364
380971993298
380982038855
380987988030
380971993497
380967964347
380971993174
380983076705
380967964726
380964909185
380967965045
380962328874
380974424112
380980031155
380971993176
380971993404
380964901093
380971993874
380967964359
380681210475
380974424332
380971993285
380681217604
380983073724
380967964537
380971993816
380971993113
380972462677
380971993964
380971993916
380989163264
380978274230
380967964812
380971993985
380681211594
380967964685
380971993375
380971993607
380971993708
380964902076
380967965049
380967965123
380967964411
380967964837
380967964450
380967964439
380967964398
380974428991
380967964361
380983495970
380971993222
380980036831
380971993144
380967964656
380683995446
380971993406
380967964309
380971993217
380681217651
380971993910
380971993185
380983495220
380971993428
380967964931
380984818555
380971993360
380967965227
380972463562
380967964397
380971993722
380983078746
380982034212
380971993082
380967965076
380967964333
380971993077
380983074064
380980033226
380684049303
380989166224
380971993613
380971993855
380967964715
380967964342
380971993790
380681213233
380967964958
380983075894
380971993390
380967964440
380971993478
380971993251
380987988551
380689349077
380979630293
380689340949
380971993660
380967965118
380971993376
380967965063
380971993013
380971993768
380967965169
380967964545
380681215049
380971993977
380971993847
380967964670
380967964339
380684041993
380971993672
380980036297
380971993462
380967964765
380987985966
380971993664
380967964255
380983071465
380982031959
380967964505
380677089695
380984183640
380683997731
380971993593
380967964345
380967965141
380971993542
380989160362
380988853541
380967964273
380689346279
380971993574
380988850889
380971993965
380971993826
380979630535
380967965180
380983070475
380971993928
380971993732
380971993101
380689345276
380689347581
380971993418
380967964558
380988856933
380971993301
380971993641
380979638214
380967965214
380967964695
380684044413
380967964376
380971993072
380972464889
380971993061
380967965184
380971993452
380971993971
380971993755
380967965182
380971993625
380677085604
380967964463
380967964851
380967964892
380689343433
380971993804
380971993348
380967965087
380971993618
380683994791
380971993373
380971993628
380677085906
380967964687
380967964800
380689341379
380971993905
380989166711
380979632076
380967964481
380967965018
380971993609
380971993017
380984183060
380967964484
380971993895
380987980119
380971993282
380971993688
380681215378
380978271168
380967964694
380971993341
380971993255
380983495436
380962323551
380684041777
380967965212
380971993163
380982032525
380689340470
380983076720
380967964610
380971993982
380684046596
380984818585
380967964713
380983499618
380971993042
380982033340
380967965009
380971993369
380681213071
380967964878
380984819475
380988856420
380967965230
380972462426
380988858318
380971993387
380967964506
380971993200
380971993068
380978274575
380967964350
380683993920
380967964724
380971993216
380967964609
380971993939
380971993463
380684043150
380980036500
380972461647
380971993630
380983073908
380689343129
380967964311
380972466177
380962328476
380967964306
380971993451
380689346348
380967964269
380971993275
380971993873
380967964601
380971993620
380972462540
380971993266
380984189909
380989167821
380967965066
380967965028
380971993405
380684048539
380967965065
380971993789
380967965187
380967964579
380971993662
380967964615
380971994010
380984189851
380989167736
380964906330
380689349245
380683993561
380971994007
380964909101
380962326383
380971993753
380967964497
380971993295
380971993041
380982035989
380967964259
380971993698
380683991690
380974423526
380971993612
380971993791
380967964912
380967964240
380962329837
380964909976
380967964847
380971993640
380971993530
380984182069
380971993885
380971993754
380677082041
380971993822
380971993749
380967964523
380967965125
380967964781
380971993849
380971993846
380684044958
380967965194
380971993514
380971993606
380971993814
380971993863
380974427683
380964906805
380971993019
380967965163
380978279626
380971993115
380978274529
380967965222
380984187671
380971993044
380681219220
380967964708
380967965033
380971993374
380971993320
380967964829
380967964872
380684043632
380971993645
380967965155
380971993694
380967964981
380983076620
380988855592
380988854424
380971993321
380971993825
380967964276
380971993161
380984811175
380971993450
380967964567
380971993724
380971993179
380971993159
380967965219
380967964614
380971993585
380983496728
380971993069
380971993948
380971994001
380971993277
380689345932
380971993973
380979630098
380967965004
380967964924
380989162205
380967965023
380974427831
380967964905
380677088279
380962323369
380971993810
380971993857
380971993705
380683990273
380971993067
380967964331
380967965165
380971993999
380989165159
380677088005
380974428183
380689340976
380987985353
380971993330
380967964884
380988858448
380967964379
380967965140
380967964914
380689348233
380971993588
380967964280
380978273384
380972461171
380971993034
380967965032
380967964312
380967965170
380971993994
380978272418
380980039427
380967964562
380978277311
380967964395
380971993032
380971993030
380971993136
380971993969
380967964815
380971993391
380689342698
380689340329
380967964696
380971993648
380988856726
380689343295
380971993025
380967964658
380988850287
380967965206
380967965158
380967964528
380967965106
380971993950
380677083666
380987987028
380971993587
380971993653
380971993051
380971993388
380989168659
380967964752
380988851222
380967964677
380971993460
380979637291
380681215039
380967964882
380962322090
380971993312
380983074726
380967964821
380971993949
380980033172
380978275130
380971993659
380683997637
380984186044
380971993273
380967964855
380967964709
380984182402
380684041335
380967964869
380967964401
380967964868
380971993366
380967964674
380984180418
380984819849
380967965130
380971993456
380681216048
380971993429
380972464224
380967964761
380967965139
380967964779
380967964388
380971993787
380967964842
380967964531
380974423915
380984816244
380967964993
380984810028
380971993043
380983495140
380967964612
380962325519
380984814168
380988859787
380967965104
380677087964
380971993182
380971993738
380972461832
380971993499
380971993748
380967964835
380967964317
380971993142
380988853705
380988852699
380989169255
380967964910
380971993140
380971993111
380971993093
380967964570
380971993262
380971993231
380982039094
380974424580
380989164599
380684042043
380967964237
380967965154
380972462906
380971993337
380681211912
380967964619
380967965093
380971993762
380978272046
380971993099
380983078768
380988859668
380967964703
380967964329
380962320786
380967965160
380972461140
380967965151
380967965166
380971993012
380967964423
380967964874
380967964320
380971993246
380971993241
380962322993
380971993280
380978271051
380967964623
380967964984
380684047191
380681217839
380989163730
380967964660
380974429988
380967964870
380967964449
380967964606
380971993309
380967965124
380967964953
380982035929
380974422328
380967964301
380967964952
380984189521
380967964248
380967964442
380971993611
380971993954
380684049680
380971993806
380989164142
380689342939
380967964493
380967964551
380971993385
380967964403
380967965102
380967964688
380962329180
380984814089
380983494841
380677081363
380971993290
380971993798
380967964816
380980032306
380967964418
380967965210
380683996316
380971993256
380971993952
380980031182
380967964996
380984812388
380971993751
380967964877
380971993057
380967964832
380989167084
380967964803
380971993786
380971993573
380988857392
380980037155
380689347174
380967964973
380978271855
380971993899
380967964343
380681219465
380967965095
380971993483
380967964314
380971993570
380980034117
380983074955
380974426281
380987987378
380967964607
380967964745
380989167259
380971993323
380971993721
380683993830
380971993835
380967964572
380964909945
380989166685
380967964805
380967964382
380681216885
380982034232
380967964503
380967964969
380974420954
380984814456
380984184633
380971993756
380984818501
380967965001
380967965183
380967964561
380967964412
380684040198
380683993898
380971994009
380971993386
380967964689
380971993491
380971993731
380967964408
380983071287
380967965025
380971993776
380971993245
380971993589
380971993226
380971993393
380967964286
380971993224
380971993794
380967965030
380967964605
380681216823
380971993911
380967965080
380971993633
380971993254
380983079888
380681214563
380967965006
380967964989
380971993669
380967964267
380971993687
380967964667
380979638821
380988856614
380683994381
380971993913
380681216713
380971993778
380971993319
380983491992
380971993307
380967964569
380987983613
380967964846
380989166715
380984813113
380971993765
380967964416
380967965022
380971993811
380971993535
380967964784
380967964429
380967965098
380978276666
380971993239
380971993697
380967964948
380971993507
380971993313
380967964751
380971993823
380967965152
380983077638
380971993773
380967964580
380978274393
380971993955
380684041067
380971993560
380980034391
380967965003
380971993119
380967964514
380971993494
380983491641
380972460094
380683994924
380971993532
380971993433
380971993292
380971993297
380967965142
380971993676
380978272706
380980039223
380971993577
380967964787
380984189614
380681211776
380971993522
380978271161
380967964838
380967964725
380967964864
380979638425
380971993146
380984814448
380974428915
380982036360
380967964679
380689347348
380971993162
380689344252
380971993867
380967964841
380979631489
380972465092
380967964961
380967964243
380967965171
380971993534
380967964538
380978270538
380964902382
380982031565
380984189867
380971993089
380971993020
380971993332
380684043668
380978279848
380971993707
380971993395
380983497544
380684046379
380971993278
380677082175
380684047076
380971993438
380681213093
380967964720
380983075581
380967965068
380980032008
380967965121
380967964945
380988853414
380978273749
380967964487
380971993944
380971993888
380971993761
380677087359
380988853265
380971993389
380980039247
380684049893
380967964929
380683998949
380967965091
380967964520
380971993851
380971993875
380971993175
380971993128
380971993853
380979639725
380967964591
380967964806
380971993291
380972464875
380983075070
380971993378
380971993021
380967964420
380971993634
380971993682
380967964641
380967964437
380989162472
380967964360
380971993782
380971993475
380984812250
380967964410
380971993209
380967964287
380967964517
380971993546
380677089488
380971993289
380984816445
380972460618
380967965181
380971993785
380971993446
380967964618
380971993900
380978277133
380967964811
380677082918
380971993213
380983499486
380967964723
380971993016
380971993048
380677086983
380971993763
380988857414
380971993996
380967964491
380967964565
380979633773
380689340988
380971993189
380967964560
380967965043
380971993623
380982037903
380979637309
380967964330
380974428263
380967964593
380967964788
380967964983
380971993842
380971993800
380971993704
380971993898
380967964452
380984186358
380971993237
380967965071
380967965213
380972463937
380967964554
380971993417
380967964804
380971993486
380971993233
380967964634
380971993639
380967964754
380967964809
380971993943
380967964431
380971993248
380967965061
380967964979
380971993028
380967965229
380971993700
380983079538
380967965037
380962326250
380967964975
380972462953
380967965048
380974425997
380971993678
380971993581
380971993702
380988857030
380967964683
380971993599
380967964927
380967965072
380971993671
380962321576
380984818861
380971993110
380967964753
380971993333
380971993114
380967964566
380987982028
380967964825
380967965208
380967965027
380683992030
380967964295
380967964584
380677082251
380971993240
380967964801
380971993960
380967964241
380971993537
380983491617
380967965041
380967964494
380967964669
380982039453
380971993350
380971993270
380967965097
380971993701
380967964852
380683997538
380983076673
380677086135
380967964432
380971993696
380971993658
380971993896
380967964246
380967964348
380967964281
380967964355
380964907103
380967964392
380971993342
380974420255
380962328607
380967964734
380967964270
380984815126
380987986475
380971994005
380971993154
380971993854
380987983415
380971993938
380989164901
380971993770
380971993865
380971993820
380974429504
380967964482
380982036363
380983071620
380677086814
380967964464
380987988036
380967964645
380971993601
380971993212
380971994008
380978278749
380967965100
380971993315
380681218565
380974425837
380987985608
380989167461
380967965109
380971993632
380967964238
380681211722
380967964367
380971993190
380971993726
380962322458
380967964332
380971993138
380971993472
380967964480
380967964992
380967964793
380967964446
380967964430
380967964611
380962320311
380967964700
380967964980
380967964818
380967964939
380967964319
380967964587
380971993927
380967964639
380983072966
380971993380
380971993396
380967964962
380989169186
380967964934
380967964279
380971993519
380984810183
380980038808
380971993915
380681210365
380967964649
380967964977
380967964340
380681214439
380971993447
380984817511
380971993929
380971993578
380967964490
380689347992
380971993780
380987987537
380971993036
380971993444
380967965060
380684041020
380967964357
380967964322
380683997450
380964908677
380684047126
380984812947
380982035890
380967965081
380681210319
380971993591
380972460031
380984182205
380967964795
380681218522
380967964991
380971993351
380967964251
380971993531
380988851688
380979636302
380979637763
380988850957
380971993132
380971993716
380971993727
380979636664
380964902486
380967964378
380971993925
380967964732
380967964596
380971993517
380971993833
380964908887
380967965017
380967964231
380988857286
380964901081
380979638085
380971993603
380983075073
380683990275
380967964293
380967964853
380971993167
380967964757
380978275007
380967964783
380974421085
380971993834
380967964598
380978272259
380689348399
380980035267
380984816648
380971993106
380971993523
380971993324
380971993525
380988851638
380971993443
380971993831
380988857036
380980039288
380980033105
380967964602
380978271714
380962321757
380971993966
380971993713
380971993281
380967964862
380964907430
380983077023
380971993026
380984811117
380967964849
380689344228
380967964573
380971993368
380967964946
380971993423
380987986597
380967964507
380971993775
380971993617
380967964277
380971993198
380987983666
380967964458
380967964417
380971993164
380971993909
380967964426
380967965075
380971993502
380967964326
380967964663
380971993129
380971993316
380971993066
380989166972
380967964274
380979637582
380971993357
380983497322
380971993907
380971993906
380967964799
380971993274
380967964719
380967964318
380983070533